728757485
784795578
676341316
788531833
1702828
172113564
3354458
458261274
15551392
604309795
895495105
221679111
869577031
544432724
897203225
212437560
186911145
374388406
941370305
547304958
288101138
181954205
217817610
2830110
701945229
813567125
906201485
126649426
928753992
223393447
832028077
767718743
837746682
895646913
933326953
719379905
744758307
806286768
542610674
970103483
252230849
325792965
563181628
428945490
549058699
953808613
331007186
624493110
513994550
238624147
13226456
369760712
464636083
668474412
24487523
529792274
544812083
671416238
118535106
804982067
692200391
251770136
529352591
948301962
384109098
226075214
1593286
676074231
710182922
117265161
91962132
41813854
764721753
866084795
39550314
192829511
166423099
196133057
210532878
223022443
315836374
638729542
373472384
175572249
763128102
744164607
554230612
462539164
698757471
585367134
433112381
141042914
539174847
791654441
937596159
177639950
920031264
570306934
882733906
607041709
407649260
702748828
472490052
524903627
243934974
205323946
207863709
497444250
568498720
279406552
601878166
779778723
926712852
837978860
240876048
484628026
495039161
448913292
436790567
703491622
172879097
