29951018
33788580
18669745
26095975
22956454
21283786
23240974
30484127
20196698
31486410
9379872
25547946
26262257
33634613
25927690
28225694
31596709
32299365
19430085
21008518
11773096
11417372
26214334
26983099
28847274
28671750
31437884
30742111
29737300
30027592
30423212
12177129
25238413
31989595
29748896
20088219
25823585
28422565
33202528
16614063
28057148
30762722
21327944
34881655
31102937
12350136
18890526
21614471
31297084
22190595
16263662
31573795
24222098
22189844
16876500
26488330
19039380
9152255
30795528
22147661
31968175
13662645
22660422
22832513
29933263
15803606
27083104
14980742
31177593
23166142
19320980
15756277
23053156
34184231
16999280
25801422
34451630
15321564
14645234
24366764
24178874
16672727
29075675
18740148
28022930
22107873
24881290
21232645
17290219
22931050
14301787
28762066
12052421
33601537
16797361
19601755
28964639
7770559
24741072
23726603
23144331
20755217
25417325
22236377
19440480
12011104
18719608
22021978
32200587
23532873
32453287
28758536
19450890
23809118
18657678
24087656
21216855
19351895
27398165
29129815
33696850
23705443
25689265
7146500
20022424
17217957
13701574
31835035
18943885
28548637
29548711
27269192
22850643
16522075
22960955
25800436
34886526
16853108
22098536
30434741
32593297
32380444
10491617
33447017
30042153
4547866
13789883
15644689
28762375
34032801
15222386
30246411
23509628
23857221
32732291
3461598
25217871
20085899
20116582
20132323
14465240
21655889
19119563
23918897
19268739
31242189
5766804
23238402
29200882
18897530
30087721
29262534
15834334
24811031
21656293
24591431
31326829
22475175
15308323
15442734
18131172
29603147
33466756
19184827
30640849
17204166
31445404
27780773
24653719
17222707
11796198
25370574
24388438
31874755
9016142
6469055
28747292
14530585
33568078
28566588
29946502
29907047
26900380
34171486
26479479
21217072
16927598
17736903
25994344
32887420
18666053
29123222
33492505
31520284
22194273
22184881
13431567
12873428
29334959
7124519
19409023
20915170
23077133
21789358
30577500
29810537
24824995
14589077
19368522
28131895
30356589
26301246
28305626
2300443
29180754
27500613
26809496
23075749
30789428
18963518
22144834
22888795
11523751
29384148
16910025
29427423
16725261
26916455
28532712
31395244
31267291
34095718
20283396
13285467
15154177
29689511
25908496
33400868
31961086
16823753
18999825
23544195
21248955
29842274
31606257
15235807
19231202
15464765
21652735
28320147
25878271
32621256
14168779
18083315
1500042
31621766
15678169
30193330
30960162
20662638
14586703
16260164
7927780
32976129
18123604
33974452
25968553
28454315
18472042
26978795
33674810
24084592
29996488
25562858
31568473
32329062
28752553
32864373
14480887
24671116
24698550
33250799
23091407
19811423
9271411
31578858
12549678
21846453
26725974
11688037
29509592
15402911
15675906
6842322
25036908
22310298
17905318
22789472
32507166
20051087
25319865
20327213
16761543
28120548
25761087
11798587
29904494
21464295
27535001
15362271
30154158
16492811
7284063
23331963
25526236
21759442
14662463
27748948
32122822
25334302
15484125
9539899
27575065
25062072
26138798
29559216
12876153
7087664
29413408
11665301
9585680
20446313
31658659
16532519
26513266
26537105
23265262
32907414
32814685
23184960
32247353
17949029
10870003
33167641
20173490
24244635
10901508
19083157
30600747
25130461
13160582
7970109
28402910
31171636
23027633
32408347
31926524
29405009
22808553
9710608
33445051
27038562
11024286
24880195
14606240
16318130
17714450
11004711
30140403
34364501
33728726
23848160
19045273
17927454
25317103
32063209
25994814
11742474
30438343
27760334
32794979
19350935
25829181
18412964
20480911
33618805
17566245
15440620
17751622
13462010
7402427
23997239
22947700
19091179
28551248
30724520
10000036
7689742
27005683
19046497
19025830
29886241
24461532
25149269
32542565
30790167
32641911
21786802
23846817
22242579
17268715
18989464
34587541
31614647
29174325
25458278
16727153
19049774
15357082
9401379
20711056
22132404
32672861
31456023
24623573
34633947
31054163
32068677
10344309
12801735
26289503
18846768
12234376
28241070
22134544
3949570
34083204
27455385
10744739
32778549
30859340
20181016
21843694
26754408
2075420
30189203
24474243
21240347
18854487
30734692
27519315
28976702
29850577
33467042
23041895
23115349
29682244
18489807
34774511
23373618
23463102
15342958
22805004
30602346
31327118
33378084
8118376
29616021
33663158
9025093
33936833
20229452
29230672
31232243
16470995
33890850
24007027
10585841
30383509
9107816
23161029
16475310
25744038
15293028
19566776
26973077
29682771
20905499
31040996
14944199
34298943
24153556
33378748
19493788
32268890
28645473
23052114
28234770
8547714
31945194
26232585
15127418
25365641
21887497
27228675
23331577
34767441
29774981
19001914
24101350
15804667
10657632
8259394
7782262
18730960
18510722
23144314
17768977
24116237
30441252
33378895
25740936
27979390
19565246
26689310
32700964
32434340
32740778
17997436
18719013
25219944
30950991
8359337
17473271
30727426
14998229
29470317
29865539
14272414
19249706
30982579
11971474
30942096
29583979
19221883
32672679
13717808
27336838
20018719
30098199
29602053
19967805
19833170
11488057
16118792
23254969
27079088
26845711
8111746
29882283
2251355
21030580
19162072
16093350
21480418
26129864
19342035
30873673
20319503
29557955
15594145
17410746
33724376
25512184
31639543
10557772
27681319
24426180
28422248
32383917
11060321
31278642
9525963
26253080
17360138
19185380
17661327
16871528
12839386
26831733
33235086
27609408
21099424
21548140
15635853
34965728
24405996
19270363
24746014
21112729
15682784
16433208
12272282
14499455
9674806
16461315
23656663
30693129
15833511
16058819
35402630
29307019
16796247
18226430
23090660
16597950
21571949
29300493
27464219
14968406
24776716
26795948
18755859
17509600
32006488
18884667
20205418
4790804
27232627
34596074
30166800
16456182
23236576
34067979
26864964
26847720
27943599
19050690
7305967
29786842
29315302
19736972
19356353
22201528
14442183
27965646
21316071
26629470
33968207
16153048
8120427
22312957
3944462
19707756
14981879
24020153
19492097
17615734
19521142
18269629
10820862
24481247
22639363
34233846
29160044
10787332
35873610
20765238
23722760
18568224
23159040
28355887
28465754
29158174
11268107
20794326
26348368
27704400
19908560
33873034
19257446
30223461
27609478
17699204
7899735
25142907
28589342
15386952
30662979
7300078
19228935
15803416
16945219
20402538
23600472
30303047
10210269
18722998
7059801
30909641
19597126
29585362
24478425
25396339
31267761
28852417
13477120
18444120
30841025
16759636
15436572
12335172
29229522
26662375
30334803
30796453
30639150
17813533
29857835
30578484
24648861
26092860
24931669
31609349
11553700
23519790
2076605
29295816
23318193
7089108
27666744
23981200
12267583
31405837
32831899
23950863
34354438
18916714
21006314
12793170
15850087
24700926
30049526
34461575
23447062
15301287
30856934
25093751
26235895
30861740
12385926
4641761
17059840
16805673
29363050
23336942
29383398
16447010
21544632
21258476
28041672
34800485
27238590
18874304
19541751
21711203
28823994
28311669
22438787
13305530
16521493
18076777
29024114
32893480
17775201
21606820
16499656
21472994
15758288
26689846
27918321
28984950
28701655
16662763
28665572
16487976
9936800
31215719
33021790
28066246
28617491
16162320
19144458
31190838
1884887
33450978
8792799
17268190
19372537
31200149
25424721
16037183
33699467
17287475
15401726
30348670
15146085
20729110
31340322
28665413
34073981
21159481
24964612
31115813
31409576
31729276
30748772
14376231
24220620
16496241
31124920
29930258
30963071
15609912
25686252
16830365
11498673
8123129
29317129
26148442
33399056
19776526
19376588
11899690
29015120
31960871
30588649
15527760
8559819
29008631
16299339
32009491
26342035
21533551
20574515
17624706
30363194
21273280
7759708
31327896
34163585
26011810
17289916
17244869
31961873
30946382
21707337
23106492
6703092
7785995
24621192
24086381
27971476
18162208
30434498
29009271
29965455
31737939
21508003
28619792
28798804
22480153
25680699
30588664
22661286
27347988
20903955
9764800
31223333
33692296
14116535
26954940
18587435
7672605
34428185
10049251
15357111
33935597
19206264
19054416
32202899
15654967
19377522
22604868
21311043
24830985
20884194
33230359
17326833
20334991
7525048
23819161
27803242
16158091
12273720
30193440
25604394
12247200
5945701
30622743
29319669
18757658
24219807
19551034
15638284
29732452
28421620
22830461
30658517
30519918
21103827
19370241
14513539
24401116
24765371
26561846
33256496
32645401
30273790
25360961
33606011
15702822
16201781
16994551
31975441
16462174
13017629
24905245
20054443
16851393
26980107
32020177
27476720
32529258
16934886
33881007
18029343
29021638
15457726
30560475
34671607
2503155
30165743
23331905
15921743
19853960
28237177
29423301
20131044
27051607
25740064
28684790
33962117
13717978
29283800
4522013
14514670
24867744
14658183
28575200
7712687
20036546
27883282
34579259
34599501
23766456
7795893
31084060
26813674
23175582
20004249
18699829
16278783
18023842
29914671
25794601
19619769
16053464
29603511
18629086
23297080
27739123
20144750
27707020
34306424
24903335
27588055
28270664
17025480
30041124
23002563
22958509
14779478
24358161
19467593
18414869
20233467
26425524
13657662
24297043
20106073
30592762
28858072
26282704
12701818
9236475
23806929
19346055
28736281
29555762
7178467
2071899
34249107
30340446
8970622
17102021
28891225
14001300
11482587
15207324
22584204
30804027
13287352
30188586
22577646
16891985
30356708
31874544
20047563
23650067
29161736
30235825
25650416
30326904
26969644
19194300
18495561
19527967
17726482
28883998
18679893
16661543
16845119
30893972
10474417
33255642
26980593
17396590
20138435
11733200
29804817
27414029
18228129
30962582
24631855
26614630
35466420
25459451
9267761
14800678
25238824
30514711
23200286
31104515
30338669
30088306
19276241
30754421
12785383
25361610
31774652
30554604
13767389
11213582
25196965
26635830
30337617
22348086
26970092
13768054
28426626
19346695
28703608
16219696
30037896
28062271
34200877
7229201
16232796
30902686
29351511
22747886
13596291
22583486
24161547
6165994
21578739
30910019
19188580
9108713
18355132
16359807
17719642
6804482
15295234
22370351
34661200
17855796
20223335
7704999
27375043
19676970
28479427
27013086
28749110
17818105
33777221
23958925
25946703
8608905
33547292
27207011
16241691
27347567
18902568
26475343
17860214
12200329
22600237
18317982
13600475
24215095
15992179
17499554
33200568
28500586
21638262
22280397
31636152
22022966
12333864
20407578
27855899
15092747
15480776
31872630
33096066
11858575
18903072
32194669
22322102
28744072
4988498
11315818
24914398
22778343
18321629
24073186
27371948
32334774
23455892
21178603
33408765
29994765
20210536
23328601
28550115
11800437
24626514
18050549
24379772
24116252
11567188
29703279
25396589
27437753
26175022
24398648
7791677
30739421
32353305
27131875
30784541
22194509
19280468
18762255
20887412
21217566
25854373
27192454
21222312
23057020
7738524
26799790
17473557
29018594
8784777
17412638
29902908
14593348
12391884
6257846
15773870
25610123
19214793
16083467
13717242
31841952
20156378
21569632
11476611
23406532
31294761
24882182
19160603
26645668
16092483
28184077
25033673
20289750
17128934
33592564
26131271
32773813
28409181
31325464
24917878
31180163
24639988
15842307
18999813
21588930
15758232
22998603
32281018
29791178
27791028
15848159
19898989
24403806
25592710
24053950
15249212
22472873
16998037
24436529
18758807
10371692
24746673
29250816
23585063
34504188
31056275
24033384
19232143
24239648
17543471
30477288
27585799
29691289
30210970
24676773
25043050
22588020
19592335
7404161
16888771
34140241
27093666
27908248
14646895
18077508
30167300
26239954
28873632
14878984
27295686
27942506
22692378
23150430
31823226
29252532
22969231
21681020
23553229
34309498
33454871
16995871
33517504
29358742
11073180
18225101
16811131
16812584
17549926
27081816
19218943
35076291
31612287
26302022
17020038
9860969
15871244
24996951
26699605
34282289
30462675
17117472
9407975
4173590
23277720
19695196
18445149
14681983
33589983
31886649
18142265
16334643
32375608
26071836
24781505
19035949
18868344
29075344
16052512
14686490
30761340
23409185
32806539
19342612
31675562
12186935
21777048
15555490
29268391
10743750
10258962
31547487
25730267
23864531
15326430
32968435
34666692
16895626
22424168
25354402
14375095
15562819
23554417
29393423
26337983
25580527
18634882
23135599
24024656
3848337
21421872
20545531
23825618
26258566
15215655
24922034
11724781
19081706
34090029
27258261
28490052
19448772
13467333
25009762
29057541
16958956
30666995
20723310
16984583
21435772
24470985
22544374
29713575
26253238
26722169
9657546
30010529
23681068
28223324
29233727
22116265
29174882
25532823
29712270
17604401
29536797
28500204
21699616
30454539
26034794
16591673
14717262
31331389
22357642
24616241
24509721
20099085
21395366
25458194
28073271
23859002
7964938
28993393
33626380
26851668
31800870
23409868
22205196
28223960
19383859
28837534
31582437
23070322
16314560
18993725
11490842
23694532
27081034
24782835
15535365
31410820
15920305
21720467
23851431
23175295
22892362
22225763
30769795
10164031
3933898
25011151
22457854
17228789
10588822
8966352
8816184
31540396
29341319
27907465
30679758
20720865
33119142
22268906
26568054
19372035
14924111
29867331
21147797
20700010
16179415
23291644
29511488
16668683
11219492
21970502
28589310
22596900
25431036
12078991
31314607
29654500
24432557
29587749
17351683
7045981
19276713
27343331
8518736
18235920
32662267
24068085
25894275
24704652
11631914
32812475
25496794
18514429
24517314
11758828
15984517
33330456
32185302
18426942
22565201
32148286
16893396
6914994
30598861
10794477
16825454
21914321
25028307
19091873
26352156
25557384
25174972
28612880
26604357
23094058
34958445
22438148
16043869
33388151
23780893
13470978
30066839
27840355
17139856
28976778
26885910
27400168
19932802
24805148
31733269
18918075
20160024
19111263
23324162
20744690
22363319
23247676
24113807
16288783
13334570
30059813
21474468
33428341
14450488
11054425
26135735
25350434
20191473
18775942
30316411
12580917
31425947
21285552
7879662
7479277
16368400
8475981
29114243
24136633
8730239
27901433
31408635
27991662
34281226
18930094
32878915
23548114
16618882
14715661
21244390
20994709
25997285
35264926
15065057
20906525
30328642
20133128
29749638
25736760
28521841
28688890
24847520
16427619
21584451
29042510
29145086
20710544
24544664
31424956
18071055
27789760
12315896
25634724
30680280
30611901
27522024
25206934
30056759
21874780
7181788
20702437
27103251
12709485
28105806
28733635
24037482
21420245
15051744
24149818
19289225
13526670
26083579
14743334
6400481
28770424
23376411
33096277
8585089
13363205
18180697
29010715
13198746
7907691
7148468
22648060
12033495
9050598
23298213
30117690
17028441
22949651
30737748
16886935
277912
15403269
17885252
29132453
28791080
16974405
8152330
22083646
20630232
29688126
14938514
18537714
17956203
26559419
26604712
10947429
15863626
11329945
27012923
24665888
30895367
28593690
26859521
19919083
12322560
25182839
16497679
35036640
4217083
30759004
26643861
30450298
29506285
16402338
24747279
28558551
22052770
9310402
22502856
14095529
19239549
13607126
32236025
30266775
29118606
25654032
17805652
29779792
29411202
29786347
16456672
14330670
8547169
23413539
32031043
30419618
18561604
13538655
24845635
23183357
16770357
21366189
20750679
14879839
27891506
31534962
13500412
23077596
28060793
25388874
36043851
10874760
27655255
18446044
31108280
12875441
23110185
31293922
28991195
21552702
11743112
35044388
22891970
25336532
23300781
24810781
27990709
20593333
32744257
29467807
2385568
26778065
11620219
7020581
18643436
8713352
28378834
14790550
13723955
33714594
21751388
27142143
11823757
9636998
15028612
30828703
13490121
15986019
22138915
22400057
19318996
34714472
10970350
18813639
30117755
10832495
16551498
12869699
19299801
34178267
31474067
8064922
17237248
18638094
22343625
24518104
20177948
22600654
32791444
29545163
15262113
29585734
27391891
24966783
30930249
27687461
32774319
19279520
6370672
30573274
29237216
12568861
22089755
23150686
33164844
24365603
32558370
31566860
17476357
22284634
15328728
19111587
17009089
33801131
15911588
15057797
16649615
15846107
25630641
14231393
34635915
19431784
9012106
29405172
10827409
6597128
16751485
32138995
28868464
20575839
31718586
28250273
32740978
17649025
30749818
28997350
33112399
31242776
17665031
15287676
19794883
21997550
16527152
28333044
29494784
31272766
21172260
29555138
15918762
27758005
33288902
24647043
24725548
20094836
22781251
17225503
21926982
24649689
25398963
29726859
20065899
23378473
23371609
29309563
18046026
33490448
17141590
28509097
26708878
28273379
23972705
30236776
25022913
31316351
23223675
14944597
27247001
19348287
34339960
27762490
17965351
30179779
29162058
15871414
10671169
26646962
29146484
22838616
26825749
22583472
12860709
26235386
15534827
25621638
10013593
1607127
13714380
28987344
14739701
9744687
8322043
26630649
23368404
24965193
6562316
15037740
11941605
15446167
23608914
28553263
16419759
27158827
28163920
15696936
14187494
27677727
24709337
31061861
35057060
27156447
17674018
23187665
25462629
33270779
23134948
28840902
17387466
14303595
16072668
7921241
15791031
29040918
31207921
35516486
23112123
31219363
17362961
16872395
32310645
23168624
8224494
15500467
11788441
27615568
21404724
9106638
14369347
19801032
23128617
17680480
30882986
29422916
15393990
33175332
29409347
30884447
27957683
33515372
32710653
19896131
14571979
16204936
27357420
27568900
7696833
21436431
14783745
31112056
29109099
16581728
25480660
24833323
29824960
22013669
22985236
22492463
24712747
13696869
29438761
17591406
28431408
7659287
14432478
27061621
13454705
20110396
28578305
23464915
24630282
22154874
15531214
34770176
25295980
15245409
15719312
9486524
20046121
14454518
29834655
27167792
28227845
28400151
13484073
7487255
23023971
20162934
29585590
30181776
20516665
24343069
27741732
25555136
9879114
27263698
19171561
12330805
30887697
22124509
30273092
16422948
26623714
25604965
13552470
13731095
18207834
27223628
32718766
12804287
9210408
24729226
32242624
20816629
9859838
12142837
16022521
29392872
7350082
17832278
32799893
8112909
15126371
31365870
34874049
16859211
20621015
23535743
6487102
28036932
31488591
11737096
22877425
21128165
26528910
35037508
32219958
31498724
17037480
4900942
30229171
30870782
31041742
27514397
2895942
15763174
27092113
20962053
28380357
21093856
16805093
15022339
31777021
19181038
32745868
25490014
10147767
13985492
25496579
18531772
29628739
28250878
32212700
28197643
21490480
27584672
25225166
26714080
25461019
19989806
30872278
31846750
34491840
22687040
23751818
19208874
15269201
21720324
29025166
27205101
24296624
18447429
19310413
21157835
33066111
17262666
30338838
14026610
25708447
5962005
17089080
23053492
26805620
14431555
18775039
20711079
10593440
30590137
25823741
27968228
9577918
19219152
20558883
18968950
23322919
22755130
16666524
10727136
19544687
13703747
12170579
13238792
34347119
13587380
19476618
17769650
31671785
28262204
20613792
23980677
13480015
29935144
30794924
34861903
35104528
32768642
34764484
24863693
20072925
7898498
27889543
10713591
15393170
29142314
22170030
8701280
15760146
21190528
19637894
31640019
23357748
21163926
29111650
22768737
29727957
19070069
16345720
15538129
12711110
17271619
31661419
21967644
27962396
26251571
5029885
33500432
19083142
15583781
10872228
16584537
29521680
30704019
18606921
12775309
21571195
28036386
20133691
29522414
33671238
19065531
18251712
26352844
16193095
22572468
29389579
19676592
16472642
31030269
30645336
24912420
17042434
21020034
23799122
24353110
17983841
13854102
12868674
22493460
31153330
17429933
6677777
14710626
23463747
22542890
11002925
28749613
20913131
32945137
31732718
19294022
32669930
34408907
29270648
32956498
7473362
20735972
21738023
31147652
6597646
28410032
14840904
29335047
9077692
10832217
13250968
12613807
23326794
30989683
32024805
19577557
22780330
12235804
27518769
25637268
26698282
21914762
25019423
23670289
16876046
27320800
24336131
7545482
9304334
31399877
21612763
27718518
24630752
28161748
25520120
32538212
16397221
23480457
17441936
27094066
17760635
28889521
23410751
10685898
27143445
18259670
19227664
7906961
1911570
25438607
15149760
28663917
31261352
27276321
18890044
28635496
31271016
25974640
23089395
32482682
30107457
15777923
23039428
22578051
30132593
25402411
20716105
28035095
7160965
7382618
31924138
15928443
25584615
31000043
16226278
28628742
23703157
34040574
22456073
19287374
15015387
35113378
33080987
19362029
30619444
14744138
989392
19954495
13584493
24319033
29345641
22952179
12889749
17181334
20104772
23341022
7706558
24208815
14583820
30970008
28552819
29825084
23229855
8109630
25972590
20095202
25470550
10492188
18122657
22268014
32754813
15033169
33958301
7000374
29943546
32856456
28809179
29600025
596024
21971515
14913444
26897911
15413102
29034088
30628239
30661945
27437307
1753911
22356064
19464956
27680312
16930525
33302782
34611356
15503773
30677047
8506074
22172366
21250314
20184423
20861745
16233893
33418979
19321005
34345371
31189605
15841019
25263474
19699125
26146689
29429377
22129175
23176702
32497230
30920409
32799572
25402255
26004695
26650016
33065733
16981991
28174158
30168951
19125602
25494295
24658384
26985786
26425509
31579699
15396374
29521243
16246401
16814980
21030401
19340474
16568585
30187804
18367427
28193097
21733541
31342539
33699208
7227912
33948768
23024009
30699337
24446886
24210111
18296854
11008287
21399769
15565423
32380434
17946943
31543949
30065073
18731798
22057848
7338019
25804697
14362072
6513754
24202378
29327140
25741228
29967754
29589298
29368611
28655930
19214243
24250853
33346284
30571166
32620898
22104125
16956936
5075832
13149584
22615171
24360177
9318845
24723422
28910929
30852854
29630594
29962775
32309040
33028292
30589607
24207293
27895970
31594666
30470569
16882153
16338719
15899563
33818155
29567904
26561293
16022200
22084753
34619739
17251457
33513650
7457383
24415705
31071301
24629656
11281594
26301216
32550880
17504375
25096208
26321513
26909125
22717913
32464314
24186009
29903751
13865742
18733806
11580065
26177819
28906198
28439666
16422583
17470754
28599791
19313433
2088212
25182227
27464457
30217340
29908489
29768335
21683942
14605077
32639548
24813193
24431261
25503981
29468017
12594338
12602685
5990556
33847993
27607755
28270325
10152488
30617136
15162170
28695401
29930975
33450253
14203930
16429078
23868535
30801922
24308630
29496191
19012451
32372064
11236625
28943501
30723924
30768492
21415554
24023462
28245643
31642100
11103258
15126462
16508686
15989011
11346822
19634729
28201594
31105991
30208563
31347971
20502797
27834358
13679772
25941908
9608773
13493464
16707540
30908687
27396616
19907175
28673953
13436029
24819574
32054547
29097881
29131965
11487532
21094448
18836177
13034599
24835079
32462989
31478188
33126167
32440978
25574698
28207772
30603874
18837931
8052751
16230931
28311078
27900282
8540838
18871815
22643132
23421580
17498133
18800031
17226615
30783604
25647727
32259808
22546547
28308013
32228873
22181902
14616790
34935172
32680007
24045861
2287868
9081015
24426283
27377836
25069860
13688915
22287014
20192847
22834164
20465865
24069098
16217456
16911703
19279271
30921498
32485652
22814224
18537682
27169147
33018049
9019654
20026422
6331314
33722506
31488412
29391183
12941642
30543969
32893773
18940396
28553277
9336069
31197612
21524380
16037693
21908511
15683699
31457872
18805513
26309746
31260756
34165959
26486261
28434220
22544540
32203404
22654507
28369097
22868971
27109471
27591498
11789971
30226486
11062959
22166500
18876589
32503998
3938992
18084631
18217297
27789668
21970262
12220304
22172696
19639316
29002348
17901989
25378253
16184912
29469595
34984306
25909112
22727868
22368060
18819498
16274492
25497576
16737572
31958725
34156781
23047099
33854234
13110814
22746193
12892599
29098500
19257224
33441227
18412144
29618949
29937259
19155887
14371299
26181509
13096430
31132922
30429184
33819916
21470140
28509594
15249276
33759310
29859359
30168252
22872922
12078066
21000344
22408722
16441687
26481264
32144549
26416925
29647613
32003398
34670088
19834202
32814319
33545543
15568954
22513091
30617588
15324970
8430272
999318
33520640
17039537
15042771
7457074
31733541
34667233
15016964
16073894
17473738
18722253
23608037
28450103
18281987
21657159
32319397
15116353
22077294
21417931
27222466
34180829
15701005
30402996
13368471
6700970
11924459
20787698
27901440
11064988
17800359
28418398
21952435
28518633
27313520
32976973
14090780
16756785
28965255
30148724
28014587
5759029
26130097
24360677
28864467
13219819
12447247
27458016
31667705
12897153
22505555
29273368
24951250
6877541
20327478
29335821
23234846
31237228
29447366
16308996
33873169
30094843
16037453
24292293
28733902
18841869
27823459
17213823
21618213
25216040
28994716
28278787
34105895
5323161
28174691
14825538
30677683
15808308
14975947
19514799
4305155
34211232
29341065
19732477
30145105
11810525
28235829
21953203
12944033
18986631
27460437
29264872
26945880
24591810
9750489
18255567
9148347
23582746
25153722
22325191
22053108
15826296
9247948
24033814
14702175
28351538
17498741
29208908
24084963
20649244
28258914
26069180
17501543
27820809
30099325
24859218
27167006
17228656
16471617
20797451
34202203
27172193
29021696
18706443
27825948
10071874
21846994
24902568
15499780
29752687
21663959
30681029
28364233
35150709
32134482
30371667
26108910
20713593
18837494
20436346
16112987
26106861
16479238
15443410
18871476
16163864
30412305
23758286
15204843
20616321
27164393
22542490
24924394
16920676
34647951
12417605
14215590
35217759
27069722
25132045
20053512
21990073
30460543
17531328
26741185
34151378
34174865
27005592
32714739
28781538
32384986
29006944
15710932
24297386
23056313
33068126
32332387
22519671
16578087
32262795
27274679
31806231
23233584
25433009
18952043
27664057
22257395
21114250
18940058
7417510
22394284
16286043
28157357
14227397
11171544
31574286
25099932
10091766
29189087
22533745
22443296
28998013
25205528
25169950
33534495
26165445
25421964
31399260
23588560
17342634
14334086
15119448
30054100
15292160
26520564
25827923
31503511
23072003
21952107
26109486
16347334
33976845
32347280
27335353
34180206
17371327
22060891
30109261
32733950
15352285
15707404
15217932
28210230
28772833
15667502
17668443
20185288
18907717
34203202
30221207
16952921
30087227
15519645
9697617
18436592
12831397
30246013
15970370
21409052
27362256
16783951
13229831
25334567
28972482
35150261
12327996
20320444
28542079
21739327
25448438
21364815
10548066
22442730
16343333
18726946
30855622
26460819
9710552
13481679
28854390
31683010
24379854
20959058
16791105
5215669
30485573
14795020
23548987
27184205
17666884
27647466
22157249
32123391
27491214
18283619
22227916
17510527
14956716
21078677
25319631
8589334
19723551
22113856
18908959
33471271
20125554
33696745
31317927
33427249
22369095
30104413
6990722
23262570
24648766
29205181
17202900
23185827
26588996
9252961
10189991
25000578
22999949
26484477
7160169
30375874
28408764
16823759
17087273
22542167
29260703
26027746
20513485
14095887
34988266
23645478
1617385
23155613
31355733
22218423
27642317
23391416
21992750
18385171
32853882
15898311
18893884
30093044
24217875
31350952
6920230
30835693
11492086
34951886
18419786
10605192
18536720
26540292
20263978
15261224
19126646
18133450
15416325
18682101
10631750
28907955
32369265
23264021
10954297
33720660
31527328
27990784
9748844
31493783
23487737
22921398
7232767
23459821
32498966
20069699
8589736
19952768
14222213
17900766
30558477
34515194
31486754
22675526
17821009
31769809
32215826
6162310
24989149
24171094
13510525
31153021
29260084
8639294
11544072
18127890
24455813
23779436
27419932
26005600
29191303
6935686
12899484
16850613
29504904
23516439
19446227
21575475
25589242
30429246
15283296
18190429
31126668
29466107
34671864
16968709
17006439
23993875
17800701
26575698
18704444
31870120
27650892
13297241
31775328
16658860
33880686
18694402
16506597
25695460
26310973
18840943
25956441
8619607
29322488
4663236
18457479
11812224
8593438
11594731
14547667
26149730
16432293
29753073
24532592
13295900
32003501
16456999
19335636
19266785
22470770
35418770
25345830
17983632
29185293
29757740
17530647
32422946
9378509
25500088
29272603
25705683
23940494
23264891
19301746
17202376
24782379
10240457
20014209
22045952
8765214
27616202
32369045
29970971
13102346
14223942
28354732
34537270
9016273
20481687
27819022
30962694
7943820
26661426
34982002
30943086
28053050
28372847
30468581
32882248
8014533
25939263
29056712
34000049
25233586
30864512
22702695
19391691
23614852
14968453
25320434
17331333
23793073
8911576
26465690
16425143
26506957
15891408
17458473
20785643
27251055
30456862
6675320
32249440
24113940
10914597
28351942
23906097
17541566
24998607
23343874
15536580
21586070
7299335
15827564
30722609
25369577
30786668
18756040
19233446
25801285
9420814
23300694
30407745
9330615
32820661
32500872
24641924
19789169
22423603
18532650
29295162
26731224
30182967
19163425
28334038
11098558
13906262
20746885
27830649
28495219
33128948
31869593
21467555
34293368
13721512
32118124
29980783
11321353
13593597
16330581
30983497
28935500
7269877
25403748
26783249
29139640
32862466
29414716
19581676
33614106
24097042
33895426
30714664
18581433
15418559
30834864
22453187
30701405
22817734
25532773
19911083
19315148
23101981
24717646
15683135
29542551
21240700
25859220
27721837
28337960
28385670
24002544
33556944
30858345
27692637
19625855
13904123
15713110
23335750
21947459
17796617
22112434
32452557
19769004
27915528
33022892
25450630
8824171
1542159
16716298
11433332
17142953
17928170
33168267
22350025
23403296
10436982
18374262
18891258
23041997
20163635
15540878
26518883
20995944
27531540
32832595
33385751
31776007
9365487
29154031
33307805
29689767
8072736
34493955
17814155
23533857
33044370
8074162
22351734
17908948
29163883
25044992
19045387
5117486
31678273
35213746
34143864
29550774
31287804
16487307
24531349
31342408
15007526
16953802
35338509
29385771
22124068
31911283
15158390
8662225
24572157
30772959
7811778
14825156
23990596
14298220
7267477
10054564
10366271
16026430
11592911
28140617
31271507
31966429
29096040
28095378
33709779
24189694
22479125
33429542
8287860
34476277
29820129
14335559
24684492
13100159
22435048
21424981
33071605
26853067
28478326
33711471
29355331
30475455
31255959
16088238
28607757
9873774
27814491
30910607
24710584
34357363
18795283
31325166
22928104
28746780
32452583
26335358
31495569
17383541
24691474
17927616
30121508
31643212
25464870
21051458
33721927
15260862
27727617
12741030
16794898
12802219
21833628
33299876
11703014
15982206
32630433
30277919
29089702
7974109
28587526
29543317
16213563
17772760
11300517
16477593
24803000
23909586
22178374
27782670
30301617
33583666
29690527
21846189
34203242
15980722
20988839
30428447
23515467
18538381
16790986
24221659
24521838
25813916
30370514
32672309
35126503
27205774
34349708
22798801
13187007
28292428
28928747
19365687
29384357
25011099
16469740
13109329
10051732
26349962
14213010
15964280
21177116
17833611
19388030
21259929
25285475
30756223
33581326
27734693
29034971
29118000
27916017
11404696
27361949
20036134
24648884
29549132
34968914
28031926
8090619
23398820
17788356
18249426
29866817
27819553
28534779
30839837
16211915
31648486
30679218
27433646
30605088
15859322
22949429
16380280
28594235
34432544
25917401
16276151
10150970
16776530
21587349
29006382
30314560
33289924
22027786
19163982
20093640
21949670
23340364
33218312
24657578
19576812
18319568
10275592
30986321
7974150
10620500
24500448
26880370
33594089
20664508
26968608
19970402
31379346
28740481
27939797
32943446
18310290
18861410
30802218
31083471
21987811
23600626
16459163
26067153
21119176
30393482
29745689
15721870
33658822
27299227
20826243
16645683
30196777
29454660
30456738
25663345
23611709
13256557
29719835
33437668
23225174
24057364
21446522
29125893
16489919
27970350
19977193
13010723
2272157
28281984
27300554
32807526
17489745
19771534
25789596
28191660
13147516
34829552
30034846
25686138
18478993
18680803
9191991
30419379
23096153
22830665
31929410
17600885
33424866
31284661
9402473
31161843
5074273
16076374
27846767
16356400
22789529
25224881
18626186
30649112
24328668
23556004
33298174
1920795
30409274
31359931
16090660
15588476
25817656
19578328
29906370
33739447
25505885
28490770
27516044
17091379
29813520
18813694
6959294
19894567
16375549
25741088
16414829
24898600
25416575
23535236
34034430
18001212
17709303
20096182
30665323
18670567
15128100
24755923
29591135
20903270
21551432
14910737
25312641
26339480
29265726
29689592
30335516
7795979
34477047
23350833
15107412
20621164
25601731
20468751
27071619
32079744
27139022
26715237
32419602
30009804
24852335
27894611
26588635
17143670
23232121
18362577
16225642
26579679
16837236
29348001
26452561
28446044
29463728
25645580
29025322
23971207
6515084
35177409
32075288
7473193
23660867
25959185
16781356
11885818
19925374
23086047
19716083
12807039
33597211
24231609
31264237
19851933
33352803
16204199
14652558
22195571
1877327
28818933
26230431
24008423
27275687
23788777
30004109
14667484
32584779
29745297
5164226
8138120
14853444
29725225
18004743
13108013
24553177
32949359
27131190
29675964
23270937
22163156
27119160
30986196
21636703
15101215
19706792
13982131
23027358
18565342
3058161
22335091
28564896
33844767
28180651
17875941
29706561
21884489
20511368
33223269
30557476
7274026
9164880
31852310
33063684
29264533
19567151
18302669
27215209
10961122
10307928
34243266
26039505
13633506
20752613
16350825
20446972
18780580
9216772
15388032
24564408
23951651
16450282
28637383
15725583
11740733
19075595
14856461
30569116
8085197
24741053
32455746
34037484
26979758
18512508
15241183
7866306
16859408
27774194
22541965
19675468
31696408
10448040
14258816
22098703
28958584
26896716
23194372
25363861
15596776
6772846
21001549
14741633
22165628
26182837
25440272
15100685
15849363
18102259
21346048
3402232
31161675
19423414
13778682
27749885
22855741
27618885
11057048
30269687
22998158
16189167
28869848
33547560
21600613
23212618
2487376
33633949
8621175
31887968
11164249
30709868
28018507
34464975
14760833
14410645
16192680
19463996
21183588
24115748
11480848
30597535
20365787
28252334
19477436
32357139
27092766
30697849
19936612
19966491
31870909
13616587
31004646
20941070
18278206
19994107
29442459
14595716
29045642
28861205
13099286
25093176
30384851
16355548
13223551
18090067
17953998
15301552
33997208
20089951
21592434
25503347
15626908
28604124
24038650
20633078
32226481
10869109
8502828
21164540
10119114
18943637
25806993
28614040
12206776
12629827
19868408
15251750
29180278
27127017
16369910
21094178
17694894
11518696
34243190
17416020
31904560
15220737
20360290
13030775
27400469
31058453
28456121
25812851
27817122
15063369
32730219
12773847
15540659
32259475
25349304
19868355
14325849
17208351
21632355
19706313
29561307
24374640
19253991
24315715
17255931
34275669
31362406
18903706
32368188
21857859
14726478
13572834
18905582
16648754
29537564
16099499
7480910
28202282
29278555
7227987
11890103
20175720
17561686
29096123
23707092
29691162
10953924
17744192
16352822
33434322
23714756
32937967
28392095
10413429
21019487
26950004
21985159
20167766
3959067
33863058
25032432
30776905
