522 575
102436426 24979445 361648772 123690081 433933447 476190629 262703497 211047202 471407775 128894325 231963982 322804784 450968417 430302156 482631932 161735902 380895728 423078537 207723857 189330739 410286918 302329211 404539679 303238506 317063340 492686568 273361868 125660016 150287940 339296263 462224593 492601449 384836991 191890310 76823355 282177068 404011431 318008580 454291757 160449218 155374934 340594328 164163676 297829355 138996221 1899080 353195922 45531545 410748511 350034067 413575467 470338674 324284691 33206504 180999835 31262034 138344965 177959980 131381221 346045895 208032501 346948152 473708325 6147731 393229302 316248153 298309896 37119022 455797489 215208399 190870607 189766466 54374432 137831502 194053968 47628333 469187475 409233792 310900084 388987010 299979694 87027328 75207354 421624712 166538409 371216480 97902643 9928121 227751951 14723492 265804420 69328197 234828607 307497925 360472167 37560717 113363438 389089200 241106986 346216104 325976483 76823620 279509806 242790881 9676858 292345559 322056553 132488502 444723554 70422962 27172325 26697435 40309279 492120464 251627327 499482549 277429832 236386595 471708200 440778720 417787658 306890639 248789992 1849130 203226467 172298989 438207958 331602581 313746600 206347466 364661473 149811929 287179775 316412581 303189770 427999455 116383718 441504628 174616807 173419335 374281898 198091552 286986530 99715811 202179569 441414148 27003384 80656954 393508913 110880114 19216315 233703686 370689334 209550382 346701392 214278326 74671008 436333553 389270962 489214957 121514850 489248231 435422061 454621185 219371588 409664305 394002980 387357564 317441890 488670052 414068747 422390943 67181740 401347593 102287469 28977370 383612516 317020443 253396007 81469525 83003299 101430412 92357163 301006699 318863571 99958976 258387455 458482217 469793590 270179343 213114427 91883220 73141342 87104584 192884239 8454496 327965875 269122601 201731258 483571449 432443377 167480040 143537428 426138238 168172455 397273517 310971653 274034433 175811768 359911957 282327307 94576456 161126878 241452977 442045368 171601999 179854882 223473541 423371826 136973764 395943269 163851401 455122098 37058698 360076763 13801515 350385413 497981495 119696523 235514571 45480206 453758357 416445904 312053310 446521410 81335844 8347611 16497484 440090410 146193559 220649262 173401394 88958949 87041107 76768546 137832737 21197987 440404979 221022306 249994685 249589291 254905542 467186542 368799134 312811094 121852751 128792089 145010898 387235729 178710212 340829964 318238297 157641823 371640720 28415297 341882280 389704917 87344338 275127176 441798183 34407965 342635740 316353541 445829555 467510003 111963316 457518256 69066013 385837611 51853974 434654931 145402024 107469609 129816176 112700304 350891151 393284199 469899876 391668825 239168893 304253939 232593737 22944374 102338323 115876846 291115819 190081154 457165157 139980814 198886343 36571886 452291197 144803100 484611856 181091709 23953879 140815479 222572461 156643014 31569123 12729744 135265400 327847094 92429447 496359020 133009152 191773963 367979674 56097829 207998984 76819930 320585322 135106665 413072646 312069385 47739191 191631353 244157605 298097110 468374453 316013356 447090243 242927694 436531854 326152297 486313075 347599831 90890974 341708720 283891837 172470695 397009845 238587154 22451673 466495306 22387865 274825524 380160952 435411231 218915329 14502353 419646331 320425692 254648027 383663413 208193081 368178438 406765063 467569858 177847358 216070266 386147801 5226095 111818374 406264807 233105051 152844868 377489478 326729809 404311304 246167007 235582308 180302992 245164499 40049650 289171706 301768399 34977822 17493698 396941015 208506381 473867267 373242282 281450237 319497119 396836111 478539926 265553444 24559788 494309826 235799944 338683702 98771888 466876944 476165655 419053521 360394489 13566946 249361131 473756616 3142445 339701654 64794434 119183522 402534850 144322683 346802542 476275226 78980741 332102486 273526101 474869661 115808532 429876961 351363568 160381903 480050276 247314758 181389772 109205766 373203259 353453224 125405836 219713741 390192054 381989018 5076325 101655395 16266949 116565925 141425056 128417850 157086378 237632711 187469083 257048184 35569790 370552559 311455945 437108345 307780268 495912322 74707501 207220555 288198772 231661785 292456675 447691312 45698665 4432321 271024920 100753696 392982516 222244857 80507149 157850948 38233807 333444535 462621591 3356284 452563082 52351268 142420898 242483674 117400841 98270939 273319593 428263717 498816003 373556334 43272768 183856471 416280965 437681121 324531083 149059103 199712366 360751149 205025732 463175776 474517488 110242238 171803064 456802736 296426773 73678070 177762122 179021274 431896632 38011560 240937455 369094748 455071880 356476061 408515889 331486954 401405320 418102034 375346733 437626345 12851090 439139640 282088212 139433717 52813135 372908211 218917037 99291483 387982144 381488668 246061778 405700256 223404345 339264127 318236398 128098808 161359328 401985758 284914566 187984591 266776371 168476076
304 447504964
62 258668370
206 215990441
434 229118125
486 71910661
56 96321166
19 143669394
161 372179513
38 19962687
119 85936614
64 413234222
413 47975748
269 343648311
488 404382193
47 414403172
347 131820803
382 68242547
487 72685442
342 393913431
345 210482923
162 89453239
19 475177903
498 280512622
340 368345777
520 123373321
154 430291404
270 306832972
514 488188747
335 64728237
453 244764271
53 463020504
21 431045101
18 388635433
28 68711277
477 384238645
442 413613324
279 20653889
31 87425243
269 360117961
332 366783581
434 276314619
233 468286477
356 71284025
430 168626134
261 83233179
30 147468697
352 159251051
19 358990763
217 310722471
433 424525652
27 326078850
441 333618000
114 322365411
101 370156626
478 483777764
283 472155517
316 42439764
128 183053801
389 173959990
322 51693604
220 391332416
192 410751406
408 4286557
133 43487355
366 353546539
308 117483637
381 346928254
85 183199736
35 423654107
347 447285332
37 493312766
263 220238159
447 271949652
343 426551968
485 376139905
108 194961269
446 423978460
515 144262638
515 55949806
49 82432159
259 469714423
377 275205906
172 245638505
486 5207875
132 420859755
205 312039458
475 414881111
112 377054997
251 202710076
515 245402483
64 110607964
80 278609930
328 164785583
361 318677657
300 103896671
92 159288151
108 292491338
448 103709546
208 322568836
48 251608433
212 112811986
352 48177147
472 12922927
45 292855310
450 230869323
195 245446305
389 178939399
299 116751649
13 352830714
453 248431088
206 305210607
381 411816417
230 103166565
326 386335166
387 36335885
130 325240258
480 130056528
132 108441376
95 175667143
91 191146618
167 321562049
305 43222378
384 464293056
159 170256636
219 77987836
470 375000114
347 434476254
52 463664767
367 268117638
297 173262669
403 258648646
369 144609399
443 56549925
228 486067151
233 57504350
370 286008473
495 59874782
79 304368142
10 332667337
143 201348059
366 14398709
234 75794847
23 444502381
347 82042224
100 414664943
228 270781527
275 471728495
451 200264655
458 493495698
139 226888778
476 329369908
75 68112300
64 396743650
155 461445582
304 466816097
84 43738620
230 463973925
158 82565240
177 221977050
259 356038133
22 484740319
124 164015388
242 328655558
351 369370122
132 144887766
403 286741456
198 32618377
247 420528882
517 18988046
99 186508009
300 141418696
444 21447585
100 360286413
320 108915963
176 232543591
115 412598860
315 190645911
461 237894876
178 44833677
21 102685545
348 122530609
480 58187937
207 148474782
254 25871531
238 451046817
311 38573471
222 72502590
253 362211593
235 138672172
436 150158954
338 171458132
199 195325623
9 237604181
83 344043736
336 478362371
509 53244458
386 276841956
123 238464254
372 406276274
54 331297816
341 444593883
345 497506352
290 343419140
136 39480180
497 183327874
326 490148612
190 123728607
61 6607221
303 410565211
294 121786703
204 206952552
206 359294351
330 495847725
55 140629542
52 329266181
203 25561719
347 155589629
196 195400157
204 402503001
333 113348643
339 297446671
206 41360906
226 224872778
82 88916678
114 216478952
509 250930049
488 448011261
517 437780951
399 171108430
120 256443993
238 481964503
370 125582346
361 454062406
83 25330661
44 140740989
66 227878228
354 101051412
28 131189178
226 396372436
107 274510571
442 55455549
159 91393967
252 381260289
480 166366019
272 352552583
98 303740119
468 465810281
498 16317200
168 449910518
252 83796616
236 108639920
195 337993545
296 311160783
219 32880214
319 30532285
226 360630307
99 394669976
194 301313047
208 177893812
7 367768593
137 59078422
46 22509536
122 232809466
41 13230026
130 399087181
336 178994182
135 263664179
78 55996994
17 384881794
131 116706333
264 222034246
131 38662062
70 227577147
111 392759291
212 193035862
456 326976643
488 247492925
39 148289973
3 139479498
440 57932407
89 209376908
165 186779296
224 47904581
13 264430717
165 298069613
0 135198544
125 452177325
517 65811660
409 468799590
105 109102235
151 441114664
23 110338520
180 304489019
291 158100373
477 211232793
498 214817878
157 45587953
77 131863700
103 9430054
201 401276220
347 164762830
55 9442349
32 365177396
265 197720766
24 453569111
88 290318645
85 222486377
124 197253713
390 274400592
392 348825537
329 26996264
395 416411562
343 141283774
9 406528293
382 270883607
218 468262334
268 115878375
247 270079222
122 457988635
402 395405762
471 112075088
372 205607179
201 463685721
2 309364780
288 386887356
229 418788727
482 297700405
435 105847472
96 367824179
472 302111120
318 340803670
57 116613699
354 442747639
96 328095723
512 436437408
9 88992539
514 249254031
406 399116124
115 269621816
117 138207915
341 95163840
210 394443257
192 270924419
258 446954154
396 77285518
348 203619863
436 341479717
229 260356364
50 11519039
297 170565706
51 359854597
197 199204614
419 148785239
260 127555688
139 18125894
63 163860749
19 101734299
204 333512070
193 499354959
185 166183127
142 306181905
435 540152
96 266046659
88 420882263
285 451883261
43 351978837
73 277113737
429 190040004
271 298653413
358 20031344
227 127723972
449 286633107
160 128767885
88 236616286
49 186685403
307 173378935
442 378088699
278 316712053
492 110824305
104 286471526
311 210674803
248 109705035
254 411933548
139 151130518
189 28726651
110 51807410
49 492340977
250 267281787
23 83032535
223 484067266
441 424885861
252 308635082
386 347660428
118 210524110
403 27414126
306 311597689
16 160763104
220 55217772
378 258245871
37 485542331
397 412288344
28 313213296
499 148151054
412 53189895
259 315726007
200 218875376
206 64203312
237 272650769
93 387677445
67 320880449
482 315839737
303 201134798
455 285702532
477 94626296
498 75528528
518 11717236
57 409640380
322 288918505
0 248951897
35 272364918
20 413495663
44 12675627
95 62517113
461 388649867
516 479210404
147 441308944
151 195198037
323 405108647
364 337444256
330 485218864
77 54525905
365 37237759
90 397670887
133 377060702
30 423428372
160 56605449
98 242249023
362 220116656
438 139762306
464 193024888
258 317361579
103 86981498
20 233534911
404 92359747
197 241081971
16 125833811
227 62359986
392 109005214
492 23628058
447 153014030
25 449534334
154 64119038
482 283362661
518 92953024
277 185587337
446 292772121
268 221968730
72 177895104
404 112471161
429 250292194
124 383168573
299 337573793
432 357958961
93 123156112
188 116577172
497 468351289
282 382179031
123 168008855
29 333261091
264 314922396
223 471016913
283 489274284
309 404147439
224 61146656
250 350982850
456 254052805
175 146179390
10 310388826
123 338674576
73 285854485
107 19467157
490 164904223
146 273241696
188 19118099
161 324118968
223 207278723
440 370215319
232 222657651
92 195619500
351 264466652
58 292691930
43 122048299
118 11821751
137 129049791
261 258279694
201 226664558
425 5725533
248 359620096
421 27947864
435 424486323
244 342951780
10 241518517
405 416380956
232 445352877
329 30832080
434 92921907
430 182916097
516 182590548
496 430248423
442 17711375
500 480054507
123 25176794
516 117350189
95 481765405
234 391231487
502 340284853
173 372927591
175 416808051
257 149595553
361 269978523
489 336573339
210 423563110
5 410700152
377 386209664
283 23845902
100 37779594
334 290300264
313 274672537
247 320119364
295 409545653
158 213114005
422 273930331
195 52754434
372 331455484
234 92884581
408 199627644
316 29154638
415 210242995
79 471830398
42 392908783
194 155898988
8 31925872
56 475012547
60 68523499
257 227647970
161 121344520
333 385358427
380 474521316
506 186733172
120 95602064
62 419134633
61 354698128
466 453290536
144 455120476
85 265092947
406 143293154
433 255058754
391 16443138
231 169102654
177 53312273
220 121473863
290 291673431
155 32420495
431 338408081
336 475525117
453 123233647
165 447179435
20 128307735
76 304409449
269 87836576
310 206093879
133 25659032
476 433715151
305 156448639
203 413488920
