687 14 246 5
687930406 245245764 116042790 82767547 677145070 559689640 302874086 986561842 560258876 416961964 510933420 594463663 642639773 312536084 
947136361 720915258 810006586 749434839 756708634 666193426 120601862 691308460 159074736 728526819 184681032 696955034 287509244 466496459 
452405603 629178887 7679932 954513258 29561156 377247543 423931128 411628749 488569866 241328906 610189679 322445088 737281920 958173036 
108093586 845409798 693979331 822106528 591345208 320851912 509031111 7294629 619012819 195883626 146145512 900184297 464632116 500658538 
704481644 623603105 965758361 357222992 138750350 250401199 135580639 415442696 581047697 14517001 186316895 907819151 5657373 402550779 
880140035 532642774 753585309 189782413 543451750 71716442 770208777 963995167 247534907 402417475 598359305 592161221 506060533 267261695 
959256737 206121493 452531838 87003769 306562155 429767071 758880359 314949593 897807921 118438918 242335862 939716801 792324856 39603440 
721060014 149073602 278786167 799341388 744594311 228448766 375479832 668149670 437150825 4929655 567075572 243935885 468041736 788129178 
629935245 238194323 479151372 867291089 583124139 22920246 536720741 903380862 549107018 555275607 31244701 548374026 705636211 97550640 
247443217 602542759 938934832 765252004 506928170 340041451 311411899 374303281 485291481 931357076 806020575 494725975 590986745 45567059 
678307972 31071557 604504670 428319322 923811679 306103741 493822542 7530070 837071840 556637411 527950450 9806786 294659111 477339159 
731459533 572324179 44992007 395555637 777442906 523338252 181119524 17428281 236351777 461842599 408866522 793035313 876628511 424215985 
747589969 678266181 381794067 837684716 12004356 416523967 510421661 733574375 178587777 312836035 775441017 296762295 753568849 932219276 
121967759 950232007 725511516 786342220 405802895 339521660 716395525 988834989 66032411 635332520 757379644 551032409 56859091 288290185 
293936856 236691088 258573403 768098304 143383534 655191513 115988970 900290530 977615958 227951054 544945334 461313141 520999387 423481782 
668220575 997503748 633905644 479763274 606388336 89679062 477354895 80956593 14427309 56159109 806161021 248902561 227040091 472904920 
721687730 630172230 763471337 530703541 721686914 201389963 982869889 845954233 326630768 568894584 240166737 133832025 191858796 56402661 
160682951 283852910 117375369 737359019 268594286 438240637 952425442 915535700 505340727 190221477 687174493 549640866 594939983 431228042 
910122775 189932426 846316698 416011617 725579756 432638217 662806717 672336960 166655603 478102344 41418528 347239834 137912699 684565731 
769116039 218872107 163239965 512873876 293648992 202744576 148790457 71568353 492874269 433971550 481902826 232417873 246223247 298537686 
839843806 837078082 357953798 676587045 43110894 64557389 834954425 671362258 832243368 908424591 221934447 705676359 559348014 872403168 
164018334 888729119 183233757 987822073 618544746 32556300 306218162 459951133 57050709 590349392 523936009 610600074 257210119 427236370 
484981202 970599979 689835754 433603421 161203608 167537590 129186779 958592529 941857005 238165495 748878453 981359860 527808955 278119334 
597571468 106941299 16170190 599090667 729424299 873330329 84207328 233650445 516638478 276919498 691657382 102295535 628908347 545407579 
152019293 304006858 166723991 165833921 459101404 192237700 977842196 739390631 233124241 3160450 516804386 141195879 56565055 972862388 
537635730 64995980 240230264 303031588 255417918 353431788 678212296 33053235 884824461 584169167 210295067 356268934 318460014 453036320 
367926469 131718467 303475058 418697309 883026874 629098657 132678663 474503159 288062163 330527164 785848932 628070593 703437274 13284185 
44124283 623479954 709210985 556543209 820791093 800647450 179989218 944732501 357394326 555467044 179686355 860536723 789107040 85502089 
310514067 566856479 892125028 997922237 248839253 339475062 296765250 441267371 650852801 475304729 870994222 877648017 928361481 737624740 
986343954 572784178 342197689 181501745 474648467 470233669 265014600 104540260 398850586 528916980 388946455 798998599 811124117 876745392 
603783740 572688783 359687442 475341302 636936476 13549686 984514698 30203885 543900378 896761692 36984578 230623759 206196407 282043265 
893688151 28747714 992361867 109836204 693639956 851779419 362334104 881016784 616098244 554621948 730764161 541121851 612891233 636457888 
981533878 288936362 652154232 643004841 974920467 805866995 55219659 676127201 620557670 258225674 427306310 465165200 655427911 866681915 
466285309 13303048 471590208 691025833 951498446 31378577 503528492 570172501 337824742 998183596 494481500 419012292 285488305 503034298 
842975264 345614298 999022759 628580144 814003943 445566697 994920349 208872214 992847624 350173407 131609736 884150328 163505093 141358936 
127222582 771481559 19424446 4812492 487966006 459914507 337528971 132999098 745197416 320641763 813700103 563528066 134999510 95089922 
339821117 998547111 32749626 820454667 348047467 536773560 996427879 1888499 192129139 982284159 766068078 345214793 111087386 633892836 
375606218 637483439 561888120 438584587 963115080 175573169 893529226 804635626 602897234 647103616 69720093 472593608 42032677 342392363 
47053139 361353764 915159155 104641289 583823020 938193347 372963312 563343572 876792003 683311114 312659272 344687432 632162273 459541316 
363135880 942538743 405744435 231669668 369551090 424763123 776943940 469434829 253184054 149086865 400278295 639997846 599383184 284384912 
121719223 24639378 474826344 167440180 990722349 8916519 888858619 966883633 656333011 743722738 528442249 913215396 592256231 106116658 
43598063 703989485 446836196 666359048 988941023 706607307 242699728 769378658 415589754 712913810 478120095 433430948 472524144 797686289 
939640451 926577995 261531652 711409199 85462229 231908599 732997406 493739815 349743001 769518606 660847815 678521322 983406115 889153069 
151816366 843472146 544644227 460231062 870551851 184368587 312035720 147589950 110812695 321427242 825041167 499552804 916913480 883775900 
68357555 389857196 777984876 67114327 814197863 349391783 175211193 944262385 106351684 304436995 607121192 157818496 393943626 892659256 
287195392 569775025 530035355 672228570 874881314 462874810 498393305 350551044 443649680 935555613 987794040 669965158 435787576 586380009 
886328368 109495732 37621139 53000369 884781113 671774252 546511252 335667935 309223385 830137806 75108094 40515109 818778606 857213698 
571309819 94727809 33544582 669297983 292396753 452189635 81746754 358971877 8400900 877667454 635272215 95541397 864498766 254203764 
642459384 91468927 853778881 44064958 286459004 221909467 374745800 620395356 305046258 626048347 354608837 901971809 832348500 224679443 
951912550 774523852 650562996 917065659 32481358 200914512 262738960 116279431 983802005 79919005 758421999 651738289 801837982 347673394 
256291273 105110218 60670903 835185579 48913922 943639808 534965448 986968823 8767819 592168027 620791682 560244223 39220881 736849254 
452388103 919762553 400855634 678685682 333110948 25613822 7429134 37535138 220872448 794863798 693456416 718088050 617358108 749619922 
280162855 424271719 766679927 235367007 797265571 628843924 280373208 183748049 542553820 133842480 900338339 106630472 967501358 999250887 
415372296 835062647 6560713 291743443 410329500 529262008 680097932 725131033 873598593 127296430 208523099 256648351 780198728 721451963 
571886220 567195798 328040121 551263978 435897276 349751007 458247084 319976375 75966682 547158151 410030191 877466887 362975888 993227634 
995668614 396250266 75484629 261500256 998055824 878781851 49692786 457096312 716217820 910392298 264203371 962049013 647297257 737779754 
554396384 933415776 659510830 169805352 599483826 668946898 892663344 874523583 129415210 276589506 442050228 654091642 838057959 113328661 
231443054 948772917 148742390 974739863 841018393 807869554 567100324 416383945 762652129 733880287 432339588 525547493 507601176 721916737 
894416092 348476524 473421995 893389910 297815311 503409995 19480344 383861634 861581462 57177650 98349385 555282120 985416890 81297 
102500612 139420606 455618039 640504773 28895064 367842966 611013925 855730705 476981530 277992555 765797948 331912730 387619570 696170938 
907227575 808300453 350608252 39548163 234816928 556275001 168528273 820013947 580855086 855927230 152132251 171414328 350932846 376255732 
641550356 404075736 984416395 538373347 799589080 877538184 548410981 432953803 289576356 16189796 688658465 810165924 25327960 937840501 
935271404 685237494 880825938 461541435 90854644 497858459 547781451 216352288 660027173 614755956 655115449 746005712 366497448 278759667 
445188127 992864678 242190587 426914241 214851076 248603344 97205536 682459360 331738024 511297597 123960347 314616303 573644611 229142128 
839921328 373958629 443840892 628402150 353695120 587386606 767046215 173112969 961012976 623355058 769413519 118928760 342596346 448677895 
287114413 391124318 400206156 75492840 975790994 541569304 317008599 440488011 84651637 570105710 917311681 503060441 288890390 840877812 
148439631 450110858 215503487 487210630 390294874 461570367 168475549 113489561 864398007 72071985 197700695 51209669 595143819 107165195 
104834354 895177019 634707217 133657734 960293937 558915607 644109405 382843225 846784539 854724305 604335436 798336560 420037863 905851167 
17875194 428276980 760171391 982126998 708006396 459733415 680584859 312539138 23570427 926538216 645210366 489306062 579160486 373212575 
492948088 959080312 378032850 779680800 351933771 840145070 48263616 764581353 978255684 483864882 129290928 360387531 217399977 846200483 
351279630 674095971 968593653 956675699 463737271 954603289 504424527 463241688 667049803 851348145 163858439 88981036 481541796 478316157 
540306398 978173704 851552308 906666323 470542202 772016764 851491581 918242345 546190991 442977934 593641274 270949026 477010622 843548151 
317549492 142340654 106455603 719553874 548664173 752325764 42737658 409832765 572277738 81704487 29694470 250065619 286894819 990295685 
919669136 723982971 271175552 831167374 820976197 989864655 624100172 262354008 759364491 290705785 886472709 173767990 968659274 502973404 
549085779 62129631 382332666 856701916 71160193 218798898 304701059 99598059 149795448 463206611 68133359 151778142 267510727 721158914 
650590929 654041857 704821924 419612211 559860109 799897848 454447010 39902368 677636753 615613882 698224200 544364669 65122138 695538067 
759455265 91650508 895886298 40151939 626271488 877508698 29977940 664496829 166973963 234076251 506298313 685929239 630610004 505360078 
650026031 743670129 137224795 813372850 331425597 536378366 223535524 151190517 361164952 950474774 400380038 89132681 908561328 54986818 
567371573 322196691 774237702 88252360 675508674 186166872 500416294 952202681 768857579 223492368 291276883 505451171 880750046 595093699 
798378186 592597244 158191336 493007414 22917459 150992788 87954694 827105821 326701792 328550881 316101642 443310995 145557990 200750583 
45126481 497927541 342652375 901288548 555001369 349077033 262279724 58413610 931925459 521207739 883014563 473174301 872635115 555589422 
110404911 968538380 109856973 821414721 117468201 601437968 986471016 547580302 641647318 474646210 336783551 450693246 434156656 258689384 
465909787 125277763 110319251 259235368 474787101 554724822 575018350 125671798 63253921 176463469 195090742 139108756 65932342 402825857 
135018970 894197220 882602970 612581781 162407567 751869242 543682947 701544869 977212471 54724751 82610203 47983730 177754882 416014067 
562530070 619175713 781267903 945553992 356859605 151993822 358662250 803472111 435777422 98471870 345051940 705605525 261971901 355471788 
796452477 41365700 23453890 895919499 873805650 396806565 4484923 306447628 561263121 624542887 676694643 985700149 338954949 66872221 
68326696 448209601 259565223 885151346 609445890 953089491 569701106 725086239 597965765 887932282 39656210 524421838 971323333 951281202 
657131470 498551832 855843170 749034996 366919315 532764551 639373471 835071872 180198803 239193730 416470530 102385771 991983818 625671455 
827777991 548932869 346695096 831099283 901140495 101273752 448255579 789038186 136398268 569705498 864572055 870863936 848427848 892226349 
861718458 652070122 128418546 395062888 843254870 47794289 483737922 975388173 87880915 132788149 820385924 430713705 815936426 559608644 
277316724 797041771 2411668 416506245 769492638 259300765 292353602 741210921 887468227 919873773 653619532 325963349 601083981 178886443 
302981383 836452917 483860647 800929293 603788155 378342879 302961502 96259192 95451857 412053940 765685365 122218329 659350356 223599102 
462576844 671845341 792467654 543236613 713387202 61067176 457614912 215206452 317621776 567123576 413693876 4907064 526222758 432224132 
398196164 481766230 615490882 888370396 750391160 432512212 370509183 910716744 671695688 895654605 571552088 900253487 812485994 560075841 
768979490 808508694 326572728 616389418 193110976 972598026 207384993 690548878 493257730 511066780 684411723 287333683 245678859 979106302 
222991872 792149665 730795757 865305971 792937195 460798844 846497305 61013920 30640958 505549246 910528255 717864625 359481071 930542806 
65514078 469464547 645762376 683559342 123603816 616392175 410200913 429302876 569314627 288578948 292493206 293242006 942300545 403259375 
600375590 752078271 282837898 791612388 838833321 408473097 859626109 825015945 640911135 980608457 147008539 367632718 992113750 937621780 
162846371 401941030 360411587 508710919 868356172 344779586 95410051 520275703 806585125 164897359 761099996 814363263 860175039 175580861 
751074538 206713248 762798799 730730157 404025556 198744208 914551938 888559898 481702627 825176152 343993975 594260247 321993859 164863146 
583614575 833005356 316036236 590169874 275836651 463028578 984003127 758141926 27739896 244883888 931492579 517117356 101316448 520059286 
354653196 851297515 104615831 933663897 615177689 431183108 302142066 891922652 237308911 637405114 430136429 33533154 854362743 261685223 
872397064 783388461 569674819 257426792 677553622 304567348 858219163 811687414 839525855 445493916 138791720 45036470 402533852 865132334 
562727810 120406434 593890641 789341058 978792240 805753702 381162544 894162932 932545988 834379962 903917161 550725337 517793299 559875169 
338193730 658936855 199320182 87085789 36635632 694636525 757803776 770605056 553461976 375570966 866948503 890827466 711029244 570447170 
700855710 59252940 903740669 604408420 681702938 390827432 465916557 247988317 947869168 836283490 281405479 465511982 835416454 323460768 
999583429 891372820 419680147 111794942 3540673 817572210 187572251 238636431 923943744 423490423 125136539 329705288 584646493 240644981 
246634537 485201058 198410024 601042810 861375751 725232575 684102362 237424239 570344166 131367330 637429136 534168828 23844678 767592271 
584932506 953128606 759332801 137752460 576688896 699442964 864491139 506044093 30508498 233608823 398411332 25734234 906491121 956555637 
600310867 98684956 388351071 127347595 996918075 635183635 620721476 1327303 705806904 940634665 295793676 546438602 418957844 687106208 
642114840 359594346 17310257 796477508 487294597 288597962 259331 154311582 773782801 602782966 39018001 80660047 825017821 528049703 
844307822 918085998 793233646 899461164 730387073 989503351 708422597 196656092 281024871 871665306 797767017 748135365 813488528 574753559 
246343285 96507520 808534074 266333370 130661578 210231880 745484567 51560693 691969910 618621045 604504608 65252345 272122438 989472843 
252343288 981624595 665489614 750006682 632284646 493667921 189840449 214285622 581109403 853628144 391380520 829238356 739843619 916621220 
164297734 587578103 689677399 556977165 326938664 570178845 897310619 229978713 426915988 319081800 907053220 755412475 305626021 958961939 
877696993 626964046 655701647 256469922 798389036 67670998 323737088 840491339 633715135 163334272 309481202 79737993 296731426 495996507 
361619333 191940197 447809508 480610850 343156680 121182208 846466376 679022779 373891882 358058168 370352429 728110979 103526582 308093966 
768585338 795176178 392314708 114419348 7828023 850214783 924067018 826749509 308516611 233790274 748436992 429700194 667624311 853614236 
27923502 353924609 117933393 347671036 342878800 229552167 123067700 690746256 925417588 120558072 548914393 258467368 96133195 321898198 
527840645 975381540 577936355 736590667 308677949 40952719 698819279 553959353 576330145 160031584 884948695 761434847 645073514 130221427 
331709855 643750602 344063486 98232821 565621222 871843805 550337665 245517682 168071906 140393172 473229246 236133197 63855611 184589106 
897007317 165163549 369686377 139651545 96968502 435921793 153710465 755703629 816899532 677592858 107770224 827302207 781488331 436033734 
387653785 645558441 67798734 276555057 269483174 700526198 869039269 545731941 114818010 553397854 213775877 952926779 740805019 62980051 
657791876 871045124 34994571 665578741 789175557 209450786 125649308 367055851 22851993 349144271 706244063 269150878 317745567 310394166 
7661762 517470436 455154627 387562745 454783644 872457495 955409387 285385829 276198041 194759785 555300740 750408748 548302518 254453310 
953713927 854257008 486981142 503090993 711089825 125473085 732266799 999859468 689641411 96976973 389249912 126058387 914602867 330629877 
507341071 710596313 248917888 355039233 27200927 373210883 75838343 763907441 293636414 206995565 781320349 453299975 564411312 726797381 
829637242 748984790 602588714 260274562 56705541 11089888 829983682 241429045 568694634 527219170 125655865 940930815 375301752 895679514 
563728539 340851197 826766477 456832876 969376201 542163460 502918738 562742316 429461393 560540134 710129760 272473371 303770247 462751596 
799283803 916107755 278718854 152214652 482727393 12449731 548611754 611013192 434253189 773132705 941418305 553038641 327369684 196484415 
962377191 676967757 841735484 479470498 848792490 859445227 496054217 515699749 565842123 994769900 246922539 7787356 653047816 638886259 
732715714 683796139 898127912 258855850 433459030 784320240 355673989 705568897 609100210 754037937 866993388 956478437 200842836 713411530 
861632820 657843288 558450333 945760200 729614988 323165632 75718334 469992925 365923896 727898716 911820366 485126272 899605872 455645741 
317183876 724945169 166726822 288304620 436075524 252815301 747250514 554412075 100217759 798185107 902083009 143759403 667349597 825047288 
846213901 621107158 695458876 482236041 504055097 634208648 183803056 437655514 397837221 678531656 968296000 306016192 747415110 954629429 
747882888 286252283 128714089 854853765 73916316 397477735 609612268 389047862 389415613 203294622 810722323 959809053 477265778 943599811 
277912152 605216834 832921072 59303886 844890962 949601945 418199650 415464947 882694816 748877372 806226396 859776084 419936507 577990673 
534279647 822827268 49265197 60172961 522582918 306653243 109969927 743698457 957846694 942163384 848945502 726337682 269738640 196080875 
409577038 317294601 733300139 395889 494631372 643507488 252139949 476330186 361989810 993575117 568860011 262243747 94863342 971545432 
844459639 811381631 555817065 362965421 681102688 677370165 626550184 638885543 30450546 99263439 589965860 784758480 251637697 30323543 
353815100 993034872 357279916 5668044 274327270 700390504 492933848 303963286 757128697 495311294 144393386 437840633 709158557 227120538 
677721441 82487170 602414934 25507359 210675454 25839209 994942859 418346140 952342612 173976952 147671708 970693551 300802909 199156852 
365775371 440484195 428107344 540368125 709146885 101464576 941612292 206150041 574385175 204438418 529508178 14886609 282235798 956255211 
419435866 943438247 159748415 971919664 378486150 368128403 598069058 970207895 629877084 780004152 582532003 58119215 118470788 607939278 
628442759 574500986 525767382 644039115 214841994 833005833 52073711 883507207 487334455 735887974 107869049 840546129 141069768 854104586 
232218428 705031000 314438053 124549461 433556521 700809417 817889467 12556729 72666238 84928776 140698793 528110743 491161702 911491346 
60663506 788894609 571166145 850867780 160322747 237190676 662809695 33338174 210586523 223102980 392373110 448202120 140322326 73987630 
302927008 58617257 740502851 581192090 812928188 492511185 746631926 134874505 807877076 630894710 765541670 63088607 721196766 514731142 
97108630 955477566 197905061 138175617 904864154 460305433 321231729 823065976 509295549 469554290 444886366 878173395 595941926 206696801 
241287544 649079466 624651514 259902342 565292609 853381750 945938810 483089793 595162358 920832247 1951608 14825243 9099324 273854798 
858704373 622189321 933951606 553155548 230972806 466447618 475183611 900586304 996160959 937955136 674465631 934786752 418240061 32931253 
832565508 391892789 25422660 33649469 515524859 961724301 14975062 51450942 848510765 260868954 420656803 723166923 596902821 863345062 
951006527 301929863 388193246 27816410 19631242 75832472 878944450 536429233 118059407 868998002 647191521 448947011 375500244 621547160 
681645001 783665867 858152954 858892290 806210442 994699101 249563862 635849636 518195161 999956348 170609553 281812180 148849755 435429273 
808614394 268387252 294677631 408736622 594160907 870269512 374523003 540516043 833231599 131987107 109750388 320783150 614837831 855440902 
973985086 106979594 942282691 886337696 927416746 876108032 74064961 454775285 343322788 406977894 232456453 839165679 941639793 118304658 
174692891 706889723 265998857 648662535 708227470 232636606 178360612 317638192 865649307 724475346 56230915 646130712 950397023 371719030 
330506356 598244168 718679435 725912126 911689614 984859384 367495631 977510740 623793177 872898998 644274788 496415676 67484128 881353238 
897267317 321365521 828422004 220415457 823172958 354908708 994102159 657123389 811265984 238182093 736882390 977017624 166926127 114903855 
417360517 358979281 667378966 708138353 85292691 710361992 894495384 129386632 770753751 261677436 340488782 266565068 789343929 820937677 
346227036 839199019 211679872 18272674 747583785 437168969 983732859 841722825 362906488 81404649 884417348 267259695 301486223 721211544 
264166530 446671915 672832554 215341318 844439392 307748949 202171715 944952066 303257819 401674213 762151980 465442341 473816319 818013919 
309643257 581992038 360334804 211574351 13999355 728263486 157601376 570334030 353378835 530764443 687616516 878396606 13448992 978510452 
37657817 851470378 345784574 16657269 383318889 279288652 754684735 623717100 238406468 628258050 195009073 48241490 412217860 493910000 
378158940 203734024 508104995 448005692 55299305 830408355 617769302 691746856 975585080 720413440 253100323 222924588 852035175 249517399 
297717008 901748757 613041771 791406978 730767172 677281420 404507672 587462386 314046703 421261338 627797083 634725641 528002066 68077257 
879268060 266244547 928035327 893625921 449717028 422000215 449944707 790137057 145426975 185921998 563837301 464840302 321956503 324887061 
886614557 84480926 49215928 902321598 601687873 949246892 385228695 292597112 499471494 277501612 114817498 933813481 383867500 580878358 
786780615 94080377 681968708 685503533 491155972 991783819 467594888 470525886 934088400 58131709 503570992 273631012 64226453 312553033 
184125793 869591369 452297728 200920101 153925827 765957007 362336898 534151647 253615843 557716297 579241764 83081516 116625196 951648614 
314735979 501514144 967848738 525845283 718576714 630362735 916075133 683801125 474464803 268635844 987956532 938739339 583196879 624709412 
762040792 269227468 457718638 671864138 406734215 881388495 83253959 73271104 424706234 179823447 103079960 135071650 578083195 75116477 
460995929 989781004 826617150 505782075 585876388 888648815 173688803 811974947 766396501 517469161 691126653 694677344 276840319 673903484 
976515786 280645710 294943956 785170576 389566032 429718392 480983000 487004896 613964394 250144603 892529338 557843324 776003390 458825398 
395156151 450966501 834596227 654230873 4579242 58077495 209882569 940666570 334812029 829663389 464275640 767236059 841528175 188184439 
832282749 669449816 433005618 799241942 872701092 839868842 986929631 823377550 881540267 890995568 531238262 351324593 130034110 982324022 
10095586 224485666 574156644 240022934 789806411 994386118 445088209 647204108 821323944 171123776 714482327 357945859 887284673 657996400 
740881868 446336819 130744923 553512506 649346629 167129576 31340057 625329994 51931270 680634685 956059242 668803566 689474313 536265427 
293960505 828853710 29583919 22384883 318365035 480141988 944168111 90789248 405018768 919596405 942638891 233211877 95012482 877388022 
365939725 507773895 992981913 166937885 274257076 959342726 950937323 139669420 925612697 261173074 454705520 315348973 625291992 395905209 
993980091 932346837 284247471 141999074 413124565 227960250 557944440 341445201 166785339 467301023 133477555 774096429 77478167 193513235 
237553517 668549968 422190128 560597304 841456113 928055698 196553518 777551221 106832845 140779226 626094814 609526272 308031325 940957413 
706343315 492735878 600873183 813691474 466617080 13550896 206976597 767995492 844785433 315695514 157577182 843174393 950818824 829501858 
422706993 524873240 210175147 736797358 643643680 910908603 135011 961630130 565491661 596929368 966459988 485167288 932437750 70809440 
306060215 600393266 141447464 913663932 644326622 81133305 341355327 138116516 437545977 107568179 754586447 829832207 488630530 354292266 
982581662 680785904 759823789 425049415 878213622 140541500 393925001 435660442 46959087 162044948 700257670 795429489 353592950 652887435 
841460098 180045424 696876578 159427247 592686876 111757946 22539767 85017 74714420 79706880 337022390 197782446 718024757 49675888 
888564685 275398221 830038549 209525551 408784118 922616449 631357659 319014583 886059462 365325718 965599604 316412768 12129673 260720957 
883049922 700834203 545781055 261933411 645461364 330553911 464704834 609347780 324583226 65750356 381157845 86986148 773232706 508103996 
682625914 453462980 345835797 397828473 563092690 400690812 56533176 245554034 345540766 533697032 485762888 662347943 558199747 770413844 
659817342 368639675 435351098 474193693 292870656 785146793 850751600 327664764 671100279 166532257 745714739 754385657 124515339 513587443 
518691453 72887210 917345994 52056441 258630455 951808456 213562787 301822816 341899287 959183288 754432232 595403438 104709158 961528688 
306505766 539706370 247402008 249621049 960196022 48202725 16364542 622165926 472755701 552826422 879207942 698635216 405891462 516150183 
375846647 176029271 30700272 465743524 352223736 82000071 205214797 978759496 784706904 188511214 263369023 833389618 757693839 494351166 
389767970 275050649 620631467 774339509 532010489 88913190 481910953 62177342 723583516 682623423 553670553 186577724 765199180 241608323 
229344989 580934913 931229834 772971595 419266507 701585443 270506867 418061781 448178187 175858862 895079895 689692411 452808982 413601690 
188093039 244171861 989963321 138630 674899621 17189083 555750381 309014313 154648347 185483813 558544378 300997962 765667802 431003865 
128187268 170328274 914783465 577292442 644726241 27131791 152842106 265796316 497666383 592973420 85793917 671085175 569725018 485423206 
751005521 930391533 773178167 619265677 74202366 476740870 438434009 218030254 143428126 215998505 256698229 905863879 400832756 136547367 
28446529 942429096 371029987 83213849 906683314 720961222 497916750 699645961 151406828 193139867 836989527 248479895 334689948 492776468 
922595947 534607268 842635632 537243785 625052593 641232716 920795315 501193022 398138504 263229632 815995245 370561218 47663459 84528926 
770114488 694280829 390988581 992140080 685436447 750294053 857407688 517490573 103527157 112428913 750534777 582985722 470169175 289450192 
96955288 765533159 475054577 461559123 402114660 400307341 658184452 227838925 903693046 513048120 748794013 358504618 342109013 519026192 
831078495 125494713 477590410 842879382 505030165 233426352 727610728 311271324 718913275 588200797 308661941 67239150 243205997 55360288 
402194820 506574127 704987282 528076259 277869371 909534016 787755443 713342276 886804373 898155524 645957400 97922504 68670236 919972741 
820812728 147777491 853600595 483349658 406216162 394315318 258187099 356072568 454769020 422029068 159106892 352482731 598815197 213111941 
165253134 881076999 940474617 437486321 34506374 943782682 239543295 971386331 291565161 959364518 61109120 302855419 736395995 441682217 
19733036 639183357 500910736 925212042 249243208 8861262 673718610 647072434 295526546 393730491 995293123 561594703 906972069 407308926 
190285674 361897232 236756751 633313046 611705570 802339894 640149073 357327184 315485095 611689166 193150994 928782901 796621049 373258645 
373410127 738417713 293023411 746120168 211602939 460495438 929454315 504769923 605032224 328490121 582520606 928530360 226913047 371488627 
980466193 527599982 652499205 230194885 989743857 969781954 750679121 953269423 884069228 552875840 610510125 720800685 692891826 961913049 
363532015 842553451 293106010 703054944 125091680 917505358 949145817 749049580 537232701 150644942 649016648 385407391 271559263 2408656 
849759258 734561304 466195597 882975800 609834898 887607659 869118964 814641617 998147203 338846651 819496225 591602669 322596015 573837599 
463643911 535245114 574852366 594932646 405967816 299223140 546083650 330212540 488063917 118674262 2729761 352407531 506361568 122717690 
357499145 611772279 768487891 968542349 506491725 507140176 710070335 189641305 439909351 214473374 351539629 780436987 391919986 192168383 
877912934 705658771 372917827 560140661 179570217 740227772 725815665 782765967 557174850 978029492 859092473 456998015 987210912 124560515 
632427941 357534028 259868274 908043819 432358728 420941694 86821578 227495712 412666879 26080310 424915823 888018028 92494759 763757123 
646468849 944316885 874241239 87630332 82331466 93019026 189081045 634596108 802374207 74051596 372330893 745613988 504995157 291835581 
678184740 195687790 966085493 206988396 715099693 291111021 985951666 238372820 208307457 866928645 405609604 36249890 745681381 515456137 
65233023 975842027 78004614 833832858 851087580 275249107 860490883 118870278 782165312 737572920 386015024 830365649 214594238 821411418 
686314369 96122161 453823153 832475967 669678830 290397275 781523787 989538328 988376413 713534407 639262455 343278154 698211347 206303263 
715038046 263832177 885929121 331054147 364408767 504266584 436307580 122767740 888781136 586369053 380662841 176484605 142331235 869278319 
850116362 380600623 943423682 27917431 717416348 220886308 993291181 572123535 939451123 967047555 27247675 702190594 699128020 493261176 
870878848 656470594 286051621 606623886 37100904 113045099 177349469 556400581 736788951 784579304 572500896 862176044 573612552 779047549 
665268014 365110002 756786074 348870499 193549672 328277299 978052850 950924265 693557556 566432625 155994650 96934479 603354776 937653415 
58235454 420193051 430692733 756085238 856578472 276702002 154239338 190380407 698321132 587693936 642411744 754259463 552521496 374619315 
613517628 702061153 997085793 763203978 906255079 416642997 513101843 915063174 130936759 198769427 200254374 749396326 385974176 45805043 
362625998 677648719 695592528 812371591 312957106 863831019 905666191 871917696 291382384 419131979 513429091 505415993 422647894 912360515 
400879588 10408111 645440116 514228403 593215206 579471812 872967689 840788205 939001123 411689974 915820623 920728072 850649995 487801483 
580462515 226272342 311293939 51257563 477585897 660053509 951837469 307081541 639143815 678112126 897044825 55773291 625562360 796398892 
208294803 850403877 536914918 624252263 488516566 642284070 43363688 792485329 285378313 437829383 856142511 347883560 584570167 777121062 
42301763 368315643 436307681 418867486 374790866 675944913 306159446 880556048 446572066 993723992 600916465 273385231 843147627 421489254 
312908153 673351555 888259837 473442573 933013583 716656880 792877230 637152171 694998734 511544984 130068769 498779104 936166542 584812599 
611648860 699290993 856688646 992160543 62950418 968623557 326268686 244522662 233501257 634085998 903034847 864973968 190147773 429910598 
474989826 163529643 565710934 43788205 959146498 71629401 565252103 35692825 405496171 497794071 622953419 752470666 977305286 379338 
511173534 278809303 730083311 993943668 206840932 627131294 437001179 494479048 432023038 444809545 672327036 607999635 335658812 823812315 
194364648 463419799 506158590 149124768 263884172 402623812 644928559 691755221 156276219 493288878 880733830 578716869 555227933 283687487 
551588093 71331923 201087245 95236420 659545946 50666203 140358122 861264559 480757720 286415811 591324220 841762980 824964075 681637782 
624590653 89400505 561718108 159817831 756065810 145640263 893070999 724079551 908682074 792659130 146557141 203873753 424633452 187497018 
565329604 58070698 863401881 364249131 198402698 720958928 399824617 938533101 32068582 955962092 29596448 944027314 577715293 612192981 
359713888 932015446 421916565 99450959 820484398 495454636 820918680 444719216 472185597 471498982 870233457 910276860 159491675 135810878 
532369890 107070137 234407165 623275127 22837230 379128131 542189216 849077595 831558005 617644219 841754395 491846191 339582965 645382989 
681464347 923526070 74954302 520340909 832035624 731317524 932055441 290646910 199263556 859103552 719774723 798866700 506882371 116337109 
483764474 753478241 295491551 733351281 363463975 454646435 533463046 221858290 151817905 728686702 628595746 355124487 107961655 385341690 
346828999 227972151 711877881 302062594 208774587 606766257 854874739 847534419 47993515 312799776 150997795 196520428 317499769 112138772 
256514454 918695549 502873548 396598215 32275321 170349038 912612998 198028454 388465540 269028573 495755638 125553327 378958574 45968916 
428735226 441399012 161088149 987164532 116930823 129501041 614860009 171701228 797087360 74089518 440948845 59939210 24689538 184213568 
516081516 933310080 669267769 235340898 510882935 807042595 760871998 841482918 715026519 49422174 609807071 301970202 835683789 569505695 
240975596 591806599 201313314 745388245 59156022 25320405 43306188 688757286 119786152 193656261 258912808 972332190 285279556 885561631 
482702835 254503968 70603119 596739267 74039401 106450627 37053425 814582492 741384154 881215588 208316199 512121904 144134874 248219108 
499719644 581649796 24921230 919100143 926912845 275598087 641234937 776458102 515636747 274601442 229578202 121312710 247769739 597135389 
902070765 599520189 820726826 259279661 722119880 979431011 42858646 270266440 349144495 399049449 11805672 264756075 127972219 206875278 
316880656 549585434 437137982 314444971 123261842 207310940 553794661 895077579 425467467 125677533 706689543 232518073 779201509 69288926 
433581117 62760489 633518952 960133667 186498517 58329244 833401353 734548813 723025481 309787743 20772428 480321700 254138232 563974906 
545092531 178578017 234510484 589383179 560802756 184174562 995906525 619945815 734156967 702356820 635857151 775919197 520565469 978440933 
115194772 469807741 726582391 898156640 881871144 417917049 533040081 148154087 92728399 353623030 697121685 748388052 922178784 460497243 
154948256 120228657 770885061 783227812 317267927 315379408 62294264 254989513 907763159 200569593 661284758 645128255 567039302 631365638 
197073805 256528370 240231030 915238786 525824456 868847760 91015071 713474488 953228728 345749688 433130989 974437935 351686943 156135542 
718053223 284611705 113752838 877022858 706423154 980513636 194159728 370179080 134576695 375850203 502971085 414005725 29495618 898172917 
615636783 279614703 971253338 983219136 628118420 574188963 696994170 585117802 382259220 35442547 822985803 293068646 328892013 969708892 
598479069 881006837 155339916 109381635 970154938 542249354 517459166 128908942 508073280 654928442 473605948 926068881 625363479 87619238 
889510624 254228976 179016552 754071074 482852363 245817931 887838379 756615738 908839512 996056454 590619055 413452369 174642549 441424570 
28885802 648652061 858569545 614154848 748473054 100991394 987791345 381872235 200402192 368954291 531700973 938993966 771034714 130667155 
459560777 544115421 16240852 33815207 95114973 98750306 635752102 303074601 990199790 379735752 810951418 201474915 234817779 797005139 
728668781 703097908 296622233 767784083 199930905 188193603 606372099 447681832 676360804 18558058 798287974 297357592 715758703 67859634 
806855670 764912634 131969990 782691814 676362689 51129751 608023335 822943922 377120210 35098324 525663140 51263470 856961337 707976045 
161027714 83711336 488859284 518388495 816167950 451722173 979067819 185391713 180815869 409557731 274276577 805340100 893012471 335999506 
709065410 178099398 230483384 105863141 892011589 100042871 214621072 13569783 446708529 621808296 492052773 13795101 105066515 713803378 
56239559 500724195 913689676 347119438 78975717 93040199 554063729 454632735 742115199 542721217 907765241 108975413 148075785 326682051 
499355018 543201975 869643213 978923848 173732066 330830302 618900711 366773899 741509266 85741978 136715211 33221207 931712605 795544536 
443696706 412983279 268810781 645157049 347480927 934781231 79776888 228960621 182073224 83402898 308244432 44102387 573907722 64043015 
883152112 193606860 255814311 685273344 405032560 958416131 986390283 333208105 293573785 857067171 331304265 358740057 11991128 353674442 
431808950 544525633 934582200 413175373 303067510 474327012 375285144 429938409 406443076 91831030 345622062 197703090 533771511 469944397 
48007432 399418114 506916196 521182570 871183310 914015586 862816357 730670091 417245660 128771532 553158700 702497030 646441493 428682204 
946687357 335156848 457949611 647712054 339027694 860219240 319079802 134132999 190881080 330305421 887498189 16132324 495112536 26023746 
925164811 698261287 219131968 579885697 903744660 743819406 19845803 764429073 326233447 697464626 532784842 319703120 894514563 839985643 
136481286 971942027 921733949 638109717 992752564 767856362 144321403 532040938 552577705 611797665 10861959 874971512 682716875 832975304 
333182208 354954237 574808617 686849300 621314831 85867441 885510650 891845928 32391417 47445489 365586239 491990149 942574822 87081355 
705682940 338927529 738728645 449413578 607354016 683326196 962515146 898516389 52223573 201977500 796237819 176134439 950080803 105203703 
271361383 489831815 938827309 838667139 892547042 196541087 543516407 635488169 754207699 558434217 799858148 916326562 922488451 404122514 
676213599 979120325 430976353 725222164 368409692 689396892 913144429 737436041 39611757 1433694 211804253 899328465 996830438 779671939 
613671841 548421137 498841217 34476433 171484744 589408437 811069794 330115121 738484409 871682522 882920147 825744609 524538509 503251255 
604408 108636199 827412235 473019211 415037433 894681340 118900698 453126470 264321798 950322504 870878742 694048394 903022595 383747590 
530750899 942605060 820850456 456825885 628888668 517003447 170781440 625205845 124127970 679465232 824253559 938278443 690337134 319145800 
478772244 107138037 350475518 465672946 657541768 61472567 490282888 781083163 807331316 71269081 311671707 867805906 3191158 734049002 
731530325 544742863 620387073 948395434 241817621 658757792 218080684 471842677 392332048 99963502 752517124 779841739 912261024 673107465 
107013599 560943869 318918767 959526685 446801823 254278641 933739800 623377649 865975182 197193473 570931440 874852380 304044166 689591546 
473233917 715063496 622409212 872897436 860821033 677016180 549054511 935152116 802964935 73512329 719377373 133371887 569229029 725613675 
795769452 338549334 862310638 760364129 483270808 874089186 744774060 224801331 232787789 855422416 624241732 260306027 205082484 426863700 
783271588 457324687 646858348 136124133 699219664 607350122 121580222 7682971 376055241 644446994 865101065 793580458 355960306 459978965 
121949152 239488641 724589398 650738409 997602577 619778311 962206859 209520862 893691094 600035870 296307219 18896054 734494594 613012324 
9221218 306011613 632881938 73741168 716027976 789554122 386932927 832594253 570465428 327003450 750249681 933571838 541056507 686689491 
956661510 595893375 637806451 208110032 308960701 904098272 443216757 453349322 508187965 942559258 113639699 736747370 526028205 563035243 
861479055 283481674 491090843 177472182 120740689 992209221 709353995 585023720 717003046 563291189 257608529 820517447 936085105 741484677 
194366416 336074500 27047077 419741804 741934293 542776191 173707961 262174698 224808439 240925805 526006494 109608601 882514502 641981609 
930637044 792342790 430639138 603241074 171820255 304729221 992435527 357840621 969948530 286877426 371715089 335815224 497904028 970618871 
79027364 417798307 690764804 701077002 456174393 753676619 975356368 814561708 991017096 967381202 767974344 684372911 64815936 373860494 
771322198 363181874 245769279 858478890 421040519 939107285 772072668 539329146 541856818 277496825 434762351 741936221 33034135 172823569 
984230711 551900361 942076374 22622527 208311103 156417912 57621675 623884694 5262624 520392238 996551225 276103012 872897728 581808232 
747246195 599053495 20202221 51815316 481460555 135407307 890301609 796562285 321956560 49631407 41466790 173509584 785446177 186011339 
224624256 427222842 559838777 734899593 495806213 503101776 410834270 638867921 93628570 976714735 951674735 476236944 698147404 53307137 
934263349 84334778 198477592 349690802 813956437 933265564 604711399 961228849 14100042 858774433 989239204 635044485 990421102 425734523 
33095207 358503838 265840537 358090863 300281415 555076018 440994663 42141994 199250827 366295307 196913905 169830699 880137729 705051173 
134797091 138471608 728760850 371594358 867772608 960175184 916024352 123495972 700697921 488507139 835330262 226649172 681045292 500778171 
994421737 397176570 929805648 691922753 31053722 258531116 785053687 699280873 829682092 785265359 115289579 365483526 820553282 691659417 
325723682 232539457 846942647 744582056 168142509 370295406 395162759 444333128 797841274 907901199 402397293 74364883 747446374 140088411 
714833246 842359780 643582968 949280150 762908783 574425851 993137605 526511409 906037166 181868856 568879652 127226420 121116296 707115659 
24493188 274289597 428350556 114146642 338327565 463049601 273847546 170256459 23126204 227613998 753791626 601600074 176419985 842395565 
66236953 470973011 896169388 182252050 234333917 491491044 879610494 800778673 253339694 397628786 737880790 316164544 875351501 907399263 
865636833 896580862 819965330 630333741 434774098 491357690 985490040 161608641 776365355 372578667 280364332 675389755 19284317 29331712 
6562595 795779274 715744220 845349208 426357124 477592020 768137415 762562159 211688526 19232599 727260151 419469918 622214939 808400356 
777493354 850374299 223990134 171656818 175304868 439748875 926642240 558553055 638721739 348382453 803026963 138801400 787401864 861270359 
356629821 124333601 26437934 542046020 40215161 454792274 532848614 43112982 468583125 765082562 618205200 13221487 239563390 347359459 
688904617 750628720 691696426 951868002 718348600 568944452 465818093 254950554 500655400 656198729 114969599 341150540 67907969 586539059 
53044701 149344378 50518708 82908795 727451326 996077943 652380200 805792219 772351599 421625796 278227766 407749133 790481969 194222377 
663887159 934453511 406301785 929864276 134504900 480182347 199369970 43695818 412571046 500310359 901164427 544208810 187441833 987589888 
642810413 701529221 67557777 206188674 464892503 594616290 671237065 921203036 367365935 17183959 66511159 629891635 59581177 679448155 
759260282 990085471 832274736 590639172 940280792 748393192 789152600 913378413 686537838 772390985 4779085 575622686 174145199 128985858 
501575127 432408499 410817503 736702753 53214277 725449511 489811483 308050996 641152330 198009467 410419328 207732571 735769790 72510680 
163666980 385865475 804975293 797326583 208196018 877438563 879693520 926943204 292419178 29050101 544298661 706850301 757506093 1034162 
385073855 641676429 681849715 760021154 253311495 833947319 672193674 518879992 851680439 598978687 266830114 444424638 282663789 267188538 
901625028 313113516 228217399 371410574 904052512 685005554 820660498 63830313 168171968 369594808 454108681 591803121 512528191 849788856 
436399162 241428873 132186060 40631158 771456954 988714326 612061861 352091328 266425422 417767331 661958203 419061111 673294519 515012436 
944349926 909117539 669364816 705813041 260609625 159795144 757733602 783561710 17241021 24807597 376526265 935660237 982443783 512723001 
284578917 329274228 712095801 566109098 97861362 789816470 174461427 663408850 458696558 901236426 833966490 8802108 319696032 886412693 
573877196 3951263 575907189 359233379 309283074 69138038 697291715 317703850 270959495 577350380 377868547 543034628 8894055 318241536 
383544012 931932968 40358158 937606898 660758870 566030194 923455803 764861128 46220920 841416306 761997441 111153218 991654710 447900176 
352484220 611490741 633790385 433413702 272943807 434605967 552394582 677678333 488977460 683817085 186391633 736306977 325856610 201693367 
375891544 39395914 603912109 541655713 234202345 245370151 788088782 221667522 892016390 296545287 683744804 409121696 999654551 596220714 
178319935 367632485 402423324 708588420 973525988 765593611 907086178 815698881 803226294 843438678 452276039 191810421 357269014 877444912 
209963225 21281900 959395960 219299955 691831948 320557758 767041435 260564355 725500296 170099233 740571551 747843977 585492905 838923855 
328490141 254332926 64928311 721116107 877239429 538601876 338259004 680954506 766177959 962739428 891015439 507684778 26852913 856451044 
791575412 14483757 190632107 839732451 262850578 873594643 789802 420980848 257802837 311992724 709562864 84156816 824318741 386364754 
344130497 720947609 886546912 917374501 396670656 777434969 99517549 534154126 500590490 889209518 288273421 563493257 989543079 324200440 
877065642 92549804 157842885 354088307 770380663 288288664 921303642 973909479 555261696 156324527 327456372 391281835 458043443 149560466 
828832658 197263349 272044195 673096533 971945444 236325641 856821207 255721250 233940243 728587208 745281086 343702498 880667373 283991695 
204211850 457643399 781202408 113153363 978316196 120754910 805569453 85101884 44823796 616739772 700457341 751871632 267923078 595499282 
850370953 504939111 348510325 278195153 767016273 63560171 764766624 240917990 679976510 387723994 559196655 736505270 812117988 843194394 
204750504 901212534 927211246 436617445 106977765 69482708 920299787 179336683 677464068 508148986 933623285 389187077 962165393 377254385 
984559128 284086998 945995870 240981888 641622061 803490106 358555892 404665680 74173229 324673245 801815653 140945892 26429918 609563458 
150569862 198609443 665845960 738236068 506200545 589907164 407723151 402047949 599067994 62781894 371943350 63458570 682096723 333017128 
344226893 872405005 351759796 737601766 929767115 607354173 20488691 699139234 153797233 430196677 828023169 603528995 639058190 638442137 
949167611 790795976 970615029 364243425 603666942 729806377 123089807 349531355 401210676 389347019 60442653 181182113 263134493 277621095 
977702931 504942099 442324540 531413381 670835548 22224094 959381192 173807215 588987023 793042105 767418367 937928008 351008049 240243421 
911394041 513171699 261385681 712736038 634988445 305524928 363288643 521936689 266007191 464326235 781813387 763762576 159123597 639030019 
623833762 841177142 411909144 806951562 678520644 891989839 541776774 695746198 167442177 699391243 100123960 768633910 744309443 578471595 
359967903 140653261 364519128 437644697 291776901 671213458 40337651 124976834 688640117 693964209 693345244 310797400 151979619 802581594 
877524774 385277351 454434003 709679345 341167349 175972571 258172367 893118676 176196057 701913453 949279303 918378937 132548568 650017685 
470099612 248059340 354283872 156686095 407909865 525383094 395746401 36655121 776810939 46899881 952621423 39469548 512018248 188077444 
114358225 909339248 629093349 239061367 799934992 174584046 907252267 526528650 56791653 83565917 898533206 288220589 659259840 297160820 
74850351 1492043 871364636 420591822 549405553 598284738 245157754 460278099 17940883 115542340 66712517 299922379 491857532 400005831 
887695520 209465598 271692235 991686928 129894470 492049738 122617181 110925120 154371044 405244980 170231553 4439380 822106502 123182324 
104393313 587073502 991045160 959325353 316856396 395440166 605913651 712117815 909499667 724737167 264561760 852521144 393549302 952357058 
468013722 86524807 201577236 555930183 174701226 632376513 41176645 801761199 44539125 685342482 354073877 831979808 406573543 111270687 
676791191 702232210 853396430 886721503 567132253 579419073 324651977 489240180 151105488 55379598 228575315 286043131 746184785 70713192 
61181158 861651105 35212081 703753814 953203141 983403726 911855952 864690205 493934876 531941096 454847704 326322790 248326740 324888720 
523386507 793289855 462209330 205581555 443725918 589911674 583914787 196267027 752498717 824597692 2692480 351522859 441012570 822434405 
97099046 757334891 253576064 854923087 688898217 452460968 194360569 934141857 123041971 220543971 411866065 504129489 574337221 703108672 
920417670 26365060 670815252 313506346 181527950 575878505 867035589 720838394 504892816 697936685 649756101 641694158 523007077 343819799 
257741823 247703194 399752776 964126789 105015247 260677654 797746435 828329507 824289688 216201462 593550600 70811120 650690053 829070326 
857187058 332439794 174965449 460897984 420990317 223811090 384260095 126590030 321256395 961667941 766071481 876212996 823572050 366237687 
54798274 719120925 671435598 567416030 143783374 662716309 99501059 839309150 712155861 329829252 560346966 520619295 436962791 586040867 
689803351 593773984 141491281 174349170 144897171 999616176 370562910 583836600 242612535 429007947 490043555 523551892 540501341 787176873 
161052177 530275611 582374654 188561680 33971183 702521382 604361213 200705228 700951926 815294455 354036441 85700969 12075439 745620017 
805743777 244684709 152718501 392935061 939844960 322142594 990487237 924244813 354449755 890515680 130567653 149574083 8582630 668239937 
709142372 287105560 536491066 93402689 950889827 90678089 626774055 299327319 110798335 687218693 884315044 17935243 143027447 71291529 
457453721 723203746 274573430 779612111 354981505 210333114 477768447 709948437 913216920 949226879 830528388 772702312 34071827 548747304 
761469556 772125628 616576090 617646807 197635940 92511508 49391207 784281490 632818896 438643383 392221726 716785252 157695639 830445454 
197600018 164680000 41562332 173383773 826490090 601431595 289383944 815696551 371121213 282666462 868711176 735785419 127134845 316320931 
406437587 235704490 37297242 712173174 463023478 550149063 382605964 798527402 731521757 359813886 4873091 189707036 802902910 293008362 
306978597 599292286 322123626 796837525 684937062 901633232 649258419 312145902 274350225 287576342 738889516 630512462 461080591 832956986 
515297448 540142599 928890555 80345782 35482238 177131254 146773453 552733543 383030605 446254659 540265540 389777215 607979833 245688850 
854904548 706609440 461047259 212242907 714230827 685950275 398252356 81813514 403478635 275610540 410331881 371801852 708644226 286986381 
555631706 922662001 744568500 509705733 735298253 792640247 109647005 648465705 726619698 460748036 337239599 238508897 884752950 384085787 
789437297 708551275 181921539 256928546 663903628 519264452 989789914 172010297 998589371 761175229 777040028 16306514 206210259 916561780 
124049277 351319212 296330460 15132776 750452831 499070504 211156865 95220057 590994012 763679371 390653082 766558403 939741567 962850493 
606588071 309358255 219519311 494952113 760428623 248384008 672772750 15187784 496972827 443580972 77003810 44254703 924346511 736050558 
735217329 626219671 293320782 690730193 228710267 145465908 131871299 37394691 817578438 711630600 726637806 705884105 677256690 949881527 
808221868 34588695 49465695 144828679 885563123 122047229 421916081 629154208 808203201 947358341 813775742 822676837 245056436 798537736 
44316488 711134413 18605696 14738274 753919562 288533109 435079958 417484565 932894603 118224566 135430278 599181923 894022890 462048369 
183498234 797168874 589559076 411620447 809109348 771037556 64819090 638368457 274742673 601292744 654744253 143608646 375709821 402965290 
295991561 634472926 743583397 582640218 567577324 969773478 313888397 226551989 468935441 752480428 741233148 624975401 250661079 229156439 
945162370 942586963 275586501 300949355 502267469 144159559 346405679 731275720 120042437 3419596 440633384 661073725 416462417 612288194 
253557961 730139328 714193730 766944442 492801524 415637719 203141666 921967629 138503913 559311900 17664958 260948531 423852153 402916371 
921794570 681955139 597597249 86784841 986437786 333822920 50656465 965926754 318405865 523638309 76761439 699275092 137966488 277575094 
848638115 715736603 836639174 117222895 632604149 549223591 773270776 587826922 903030697 821659970 435950096 294370751 662352576 187149005 
488652033 986343763 639713906 799892377 943077812 931667487 433535198 280864281 905413878 990256456 277411249 543900139 203431486 981697940 
647318205 344491494 524228512 7664773 427003591 573032628 260952676 617033109 370026745 862894151 496930165 277314788 912532521 992184894 
191066427 801219177 477609551 375703634 233398759 361312827 141641723 668320102 316264609 532343797 114587190 718464841 492992338 840040564 
702195926 610589442 46849911 76731276 525959390 552276347 797531904 521294868 690168298 469476583 347193385 803993139 750415983 237391005 
738984280 676477937 235435825 311324981 868045595 985603372 557579023 640308158 28851861 105606696 426644275 48488947 130170936 876688772 
906830464 303498980 188139088 360602638 623946709 906695275 774212631 652008445 144268620 184119783 475879871 183521957 412895015 525623214 
993992031 170061893 109672800 61451605 810467954 90591181 338408065 887902146 786344386 808300806 578392993 498952746 642601521 591691277 
715863707 365650728 88326937 181271156 684820473 445232578 547747321 968286851 259365810 639403768 238459946 849774138 49427363 623627589 
438424396 296433921 36754005 289014901 985449420 235689721 274197073 519170149 79873888 362021293 109796699 892711768 509224391 372431250 
544550692 67641795 620300831 534536285 709983930 712871792 338427899 459907805 636043126 377859785 139883197 407572642 617013290 793069358 
754236469 161872507 173917354 515396352 272057540 360704178 784136327 830657650 575231821 399614752 392032203 88937063 942500638 432880007 
805015947 442193200 797163058 320103261 554463072 776318881 962441953 722044999 578791582 130605077 794132212 354218883 187244481 456522019 
672992379 861232106 467264428 702115391 405715754 661862524 591117208 724093926 863621215 11684652 998710733 478889273 404108315 267574904 
734650219 406777483 862563316 918421924 254954596 24552018 534698413 752347682 816575659 988433775 614055994 597613662 975264912 465053051 
260306434 892605398 210292279 999026571 550572793 464443601 685881525 238370247 978511928 947978966 244209137 646928397 142805030 860233787 
370435882 901479267 733409596 350893802 459519164 440068433 238438202 39986009 665286282 682562814 960645131 119278752 267329284 674517136 
858691262 707239451 959883427 753666327 799330752 691508868 273115477 900259403 323807109 644506050 102523546 181872234 598006408 628213523 
108100788 426111752 444465592 10507550 580031063 880656112 760705357 172001914 572299616 548667722 707813536 196664878 493227130 231410133 
901118058 309365042 902779567 366477326 618850843 906201151 756519448 684087752 585367232 270862409 607075288 282808852 844405914 169376229 
474897342 845866405 744331993 876579649 589501196 429793555 4223070 506341593 961338939 86253762 917262961 921645151 791680214 695899865 
909843437 174338164 942890683 114196251 704700390 55846076 563408611 850618122 813344312 683256149 288750406 490599489 18447081 493409045 
607734315 214379625 518325114 365245955 277462982 730259020 350350792 490576891 2778473 640842142 467787982 105438687 439368414 469240780 
335082626 149681983 226356693 912176215 678666053 706069173 109880941 378073955 379869471 746740725 870293654 103167547 655619484 958632859 
49721634 131615221 208240183 883126619 875283422 806612536 612411195 729090604 631867069 114990757 940252960 125864351 995074225 832331028 
832551973 297225337 915410587 492278294 703098220 236627316 566356444 331419735 676341193 379502168 158563736 822932801 444733985 553159269 
305037326 960405794 815159083 593101490 385248499 633794260 951446687 790884572 392179194 372431339 910444426 389603156 428540828 233030328 
701189388 750139258 79865870 344074175 748105377 91940528 702814607 151008983 546486175 30274088 952447288 743721457 401967923 401166498 
248857152 879811172 48394191 114478121 548996959 503025905 380612457 620661476 474554793 603058237 782966153 658691787 679657899 691329441 
891723246 688137174 861174212 247369325 504460506 493902418 425164132 589047886 280309523 152639377 164715579 944636368 282112049 114379950 
426515592 781755976 497997164 606434971 85282492 163344242 638142859 433895749 267999159 57948710 830839522 12990149 999469333 111746285 
274406419 278964534 672052536 193612043 482910987 507576174 824369439 801658976 634494082 730615430 259374049 470702217 394769144 71581957 
737972528 584884461 89288032 213826927 16568465 832748603 29017805 113973279 766206514 806638039 130289590 431152643 651500402 971621088 
656314108 382400518 696506450 471270389 654453528 99332309 135022217 173395593 352606886 862100683 372623677 301771716 311613785 246375015 
163539182 919548114 110472299 310198958 459606334 305470187 526630021 279922514 449611619 899243642 280275723 12871474 744207320 829488027 
425516004 854142336 100071137 986257520 590283565 710384522 905167236 442046837 500333835 826197526 92998431 908721223 425891186 757128301 
898666748 871386380 479967202 634350034 66181331 30104576 660963970 789092494 331879659 952798661 307952267 82699811 555193378 26101327 
589533446 292499318 182735807 216153871 215523431 611383038 380098193 757989003 572196645 233435786 126181163 383302769 202823779 374951652 
6629594 895044071 612375515 894290462 921273296 858077058 362154488 169934642 437807031 525642303 653009188 99703441 848010686 731597693 
706725476 291863595 229527636 269033882 955289666 828185644 212676038 386831637 689418943 43255517 857042885 703917512 887658276 254494393 
265715015 47777543 738889104 295715866 526842370 29405915 233941475 260829230 196760294 427547727 466230713 802615285 219806420 837158917 
467637971 988682551 389467734 623743002 972262081 323526325 17325214 585232926 375059144 240705262 145215105 842086551 833185744 178004663 
605191386 312319976 937433830 847594990 728591310 270085012 196159920 299442352 368379171 244533969 206626366 608060577 848124220 541792757 
893403674 62352240 902615523 952903120 662624597 816215868 504796400 68689784 563139861 803427370 432377162 879102463 353772657 978715229 
946685601 761850837 324503640 763176971 969754220 248293609 206733904 133227869 664764027 509304036 486744009 419695045 260157616 974424712 
577403830 845589874 616549865 934941847 565518776 33934218 697224076 831713079 567791055 164929794 138514080 603879765 109861527 411318180 
309535325 236489581 306973676 321580447 949380290 255668647 820586808 498252237 48528389 578855067 376096831 383354847 492541142 639805366 
857263820 300971272 776085049 511014856 457832212 878724005 108929286 702729150 453096246 308627530 691480806 918092099 712928469 506790438 
551713996 1727480 572570059 670230122 681940716 580594501 461439556 437926727 35561482 387208916 21477853 991684006 159995671 399417953 
838523262 120208466 835927226 990389277 531464035 289765395 359691072 143551693 992883753 346132963 572620719 82696764 499970726 252448121 
825101564 181274660 979715718 23867662 745814161 669097774 342429306 785975199 208848103 700622663 291789823 841101640 109192423 855480480 
742909114 569001821 857558005 179162409 949704558 503963590 225284359 698095057 291353814 166760823 858411607 573065731 189733096 38159634 
253562056 884769480 220709261 271631812 592840731 592097232 719217224 693519314 3057211 471162786 442989910 565217189 181009256 834334557 
705064882 356080274 453309981 970330551 683988344 44239895 136111030 850253734 418639106 88452437 469724079 78723542 644456273 698958705 
464720520 735148532 864319202 861935115 794098748 934160264 372502790 629060873 693637498 269080691 71099840 680932248 695011294 264833722 
343645237 437922150 526803821 429818138 924680002 383192312 85548647 958170302 93606077 411342832 508493747 979056571 197867795 966584255 
526608665 752957716 969081117 438259972 395924159 265676969 398468320 504256061 353002871 417399585 109697365 44491301 869440016 476232757 
568164527 589535784 424912177 568469857 213966358 166687142 513440994 78784533 939776908 509175303 861473436 153174359 335294945 201992188 
535217615 781324526 259416145 67370442 338675811 181289132 984455259 108059742 573065445 228688012 174964628 650342592 489048072 949471622 
55832951 631236105 743648912 228359833 271187206 296047721 499380616 862008099 317134276 64618340 227845274 404635171 715153293 294968264 
13012970 829894630 45079469 723938638 126347956 977563450 234648293 574478949 631245633 290369392 499455784 70450375 465294132 15600040 
570352527 983461948 579416074 520185528 141183229 386273627 821937772 330470796 179987176 959174424 872975636 746066094 114378753 821473804 
287942614 90951587 13583223 455433441 886969688 512470394 953592396 901735073 984730338 536488835 924329643 34633518 800756715 683120172 
604658129 945587940 730108810 514969290 389273717 717737362 496794819 197924907 452371992 191015132 947429952 266864823 262420343 550731788 
305649985 159764232 958249167 349187617 240898006 496097562 709031555 113776350 325617643 516661958 423127001 280996230 907021007 282882503 
911582303 61029366 185260448 228687189 665019441 691807457 208558302 203325662 850338742 268502929 825196715 90768042 43140036 619926742 
813929057 190654902 359030573 108456428 644852175 260745724 429335513 495142832 731888635 539786842 389040978 148562278 787362248 515240121 
378205159 968679381 168968119 850704235 769053338 509700225 825036162 632953384 400337193 897149878 690475876 846992635 773117680 939077544 
70223537 192322246 281737895 701922322 571047354 767980467 79384177 322834341 115350771 450053528 60148501 114333755 75187587 211573797 
869537845 238908301 883952857 337695294 828253353 362856427 868707080 384143078 108270108 367747392 512255484 647639121 594413604 960801279 
630924620 507787613 783697109 670927579 94618880 916522559 24553822 100960213 524145008 971150958 774317569 900450473 365977626 877009924 
115993719 777567205 738456955 353740370 104131633 817336417 372961806 834764617 189743646 291388636 319241859 457489761 155442546 243830143 
685507176 46799026 723116576 843376846 63840071 422265519 787002805 121874142 461865291 436171913 747266357 936613308 837720936 647597763 
174685562 173446442 835796735 543166616 146103066 685971796 966544730 876144213 881378384 888762621 979466586 399344589 785557574 223744612 
617910685 342091720 602491568 826754647 134002119 241266836 157566611 587656974 542689856 734203006 557014946 755968375 220044527 707279350 
847780011 531215327 560822691 569958905 498114381 298188091 781776829 130867233 465304188 987798321 801149825 546965919 656476185 727451570 
955374763 977050234 544410049 948598611 806837907 923419948 646648993 906575550 850133388 85077197 535239518 805253884 383902205 402554375 
649586010 784553540 111770693 28782143 126429630 18009644 866640294 993503953 702648000 465446099 683173306 373925494 314337217 765626522 
558225766 173488334 534411161 328368889 458001217 221581437 120245219 543495746 715015408 722487423 527103672 139052851 712199702 199806416 
780365541 999076174 33347085 403541110 547612383 801261537 92451710 241058632 960536899 959827231 883056369 189379095 812148181 51302379 
134021023 88297272 335049974 937888899 759408796 400022233 419168696 74236708 600503512 241044349 283230366 373039662 314516681 246657671 
637763895 713663397 416569691 378007942 195293302 82960932 877925602 46889511 670787982 487614113 87896107 105960872 806973222 86486403 
690834380 581494192 292120988 744980007 11586567 899731867 542494317 969862209 558094511 239671490 272308596 303410995 11469089 485480253 
485263622 671311514 104053072 666203218 777779308 606589745 757649460 489797988 225576236 384757358 595737040 159806794 548024530 856763377 
118767354 476082441 732799471 309134377 249117110 580424737 78288022 931962568 478392956 945110259 554497307 83361568 684939820 851701592 
759669618 992045049 806455907 238404894 889763010 536221616 524582265 175639842 401650636 2756386 346094930 572717476 677958021 746701771 
387537627 855881681 241350269 118336653 104920043 582367750 78154874 204506731 396300450 770755838 940982906 632505807 343294853 54968051 
914750424 962635340 322082831 151712610 795503532 494789863 585643700 965303539 984299355 412395972 741722952 175820619 760777830 595354796 
566033565 141181651 239991251 303416154 917873204 358114608 932464139 598135087 554432625 3041663 142955575 981272618 789839570 593720426 
18170028 573039213 117509321 631369540 109846255 775460671 829891386 874534993 588841073 83382557 510933782 616148297 560800583 10006566 
594497923 878320873 135738806 907054917 179623363 311299296 191094913 787695578 693272986 472500427 182489308 252970754 219148511 253567193 
369293030 602319137 784247442 215829440 74729990 479220596 74641675 789968756 345862695 183474955 532773028 252334927 949350955 901727233 
873842800 453276199 925751325 729721441 679056170 649906380 95184608 232951341 613187738 981089408 788500701 89067506 295700615 15440179 
232762481 24482065 564392892 590858502 279190797 717410798 256172409 672654653 869883293 502779789 849392955 801683531 142142145 472956693 
690688958 545572416 341675635 696672274 349738544 187969092 580687823 617018880 397532553 884739458 7296859 250872545 398383703 557994778 
653750958 305201702 213349147 749169873 278263958 757962939 931304414 227791102 854471680 196951810 492712773 40160251 490506346 956990951 
290630514 353763184 540487496 179877979 690667785 527779104 112075930 965018698 156025113 696175593 559264514 824800770 72648256 241556430 
597448020 467732391 585483838 511315069 257009307 540247004 768352838 873269843 69343045 768036331 3073848 87930829 96203955 135426304 
182129898 321938686 943251270 667527731 954353582 34713983 140781191 338523957 37113882 535282597 539662198 498791333 591248712 390126671 
777083223 689264196 68325324 35526304 766499836 624956040 180492000 718123153 424694462 40580570 980436208 836584782 244226683 620340293 
592135529 282698490 945776101 681925583 312264050 1389381 202440890 874944020 842472401 554384573 808027956 679602319 508280428 587267624 
396707900 66265075 706196368 139465367 9954979 106540608 198628104 444806813 690344557 882110288 894090363 301462092 656226071 786963814 
157381446 746185996 454957984 661693608 956469300 165253811 744339535 533812187 610660056 593634644 987226648 275295051 146605295 392669062 
455087385 667337143 923160194 265024678 986460628 227400802 788793152 225748885 610875983 718645988 472334389 456938288 519205698 418718199 
723973107 643065536 499895445 352700580 587432969 747286368 896816814 887469480 581991677 230751375 385566846 799978212 120035008 835183505 
899770829 881921646 341908208 167909882 974692772 857476624 807703114 284421452 304254487 728222963 619664547 530788337 657205220 400345313 
779984786 796645260 395265839 123205826 462216851 339263336 695884687 645636639 987416141 546559985 329967606 527984561 860061414 960615406 
795465618 623445193 266667669 841224995 223633278 536520509 178513087 867108110 878128473 93988558 254970238 598546108 157475853 84357872 
584964287 363647050 23375950 724702914 764573979 537101806 338493297 666462767 62880480 162606935 657034887 21793895 363763427 475394474 
611977921 830740662 114421259 175718989 727830850 409192623 486059470 341093807 922558284 435624620 208375416 691494993 410160961 762508554 
413505442 75892600 310121405 156468396 697830389 446817023 417455813 96483946 630013346 653524120 180627774 670232828 461357520 986315946 
601899842 525330573 138479176 419010455 317838909 190510429 887315878 46563651 394164003 521013948 353337675 477711757 54258749 291535338 
58105219 871911218 248665065 840762411 675819241 777647797 847438030 359553337 460850601 253355601 423584357 845276011 265123555 634701629 
180989540 743474401 94440117 431312254 338934971 20237884 341234279 256663551 698883266 776749345 618871558 437330478 171315945 637478793 
354491325 991164463 324929945 170348507 241061190 698511981 337351293 203256947 972820945 111286297 468957528 925878879 447900296 592717473 
718138971 905863631 992415112 844426593 581171148 800703703 112278945 734406981 685104753 480980729 104182111 566174951 118364926 333255523 
198841167 789184870 294506562 516482506 739276768 134060507 658917286 479177227 47636581 48897322 477774125 217755885 987288661 338124474 
209472880 184474622 718789667 827305927 553224158 726066198 706975168 162784118 123022383 366689527 245959813 886260131 391624062 391228633 
98546034 177766060 747963871 223488696 622877454 951179147 930896443 397070412 688670054 929161778 555583570 231850675 138634261 202999226 
172315438 446991042 319767466 226499770 262747697 430569365 398920358 603520299 264394214 431452230 49790218 490796788 407041210 91078413 
806579526 60122669 240590906 438874856 834174181 416773152 842366657 329332325 952638065 392641456 837062005 662214885 509403402 365158250 
438340373 290746412 767493759 132179846 861370423 905037343 637951402 638220978 487638798 221474552 634487489 144183134 747275237 478962123 
191320804 532532377 983142760 650272814 951027661 500927618 485256154 95147580 17913795 544217411 129275492 626333760 491895033 200184562 
385684360 648999215 389418691 926250061 465063520 190135216 751948571 3681708 602237807 31575046 505349050 561859159 750840250 881595934 
267668821 904043066 743351463 639756643 40717146 335546218 891246978 462949668 224533731 101422055 595930807 10735102 607877595 517647966 
944135018 884804361 996972214 893892295 848854502 602937715 790741348 948327136 534963586 31957226 671199373 577263472 309955498 265869297 
136996802 217404390 64214454 212298315 488116503 58467647 315661213 78734009 298069855 253490485 974340462 936404465 332971727 286096613 
303691236 426712150 424398637 469990748 792333859 906416548 607024577 555957623 965789920 492130532 879477269 43035546 385670464 451857549 
659438909 632531350 322787621 426209871 427540331 474697797 541726675 193854420 343372811 729535697 639367649 585180873 52778556 383533484 
268130619 695430184 802669302 222865640 943734844 166576490 393455636 318681844 295659853 853473280 802237152 246573714 367102247 731863398 
303420152 231393651 935121049 998179203 524571139 471126902 486662790 44808431 526683948 446683691 210584135 66231664 985372999 409163752 
759868693 771480917 253159260 114573621 594155191 318465922 718645991 578854096 290963789 767157554 890733731 574443490 51840303 990389239 
937565968 663537590 328519227 912696781 113031196 505379133 931532770 3510206 204236770 583839872 13079118 491001346 259938201 594641930 
683379763 566846444 139357695 948414661 600296377 190864803 784160936 940502144 700694538 305575542 412217191 125616915 229795358 748346797 
916085961 614783953 923047196 870676165 635996895 53688696 931934670 155892285 162724333 486718230 739132104 783077068 932350453 114913854 
860782136 248422700 637485638 890858694 298031710 884678716 708822348 735084948 766281837 792646058 772020368 715719711 440650228 336043829 
233477002 223160032 161270757 502434893 626037986 672468333 915395801 775031662 220299893 480895916 224139602 626501775 698595891 194715658 
215065969 864572143 81612869 498460036 100925898 743196362 219166394 147029150 457154048 426359573 778576876 50520893 886988788 617098610 
470979381 245053629 142072175 516417961 710421790 249461726 440710777 574041139 848480860 979504780 466070001 103336672 939849060 789342696 
501293014 566524184 811767624 698494630 728455218 826108714 365459227 761128880 204831397 986966734 76379513 957078716 233463654 933137671 
654432880 699259149 108620921 853383724 269135098 67620665 247009682 318645845 265960485 870552941 256873568 896810077 733848385 759595329 
509031948 889862654 751084502 949542736 470241615 922787079 958974050 907411990 770614257 235321965 145539831 622746099 224913541 762509963 
532382547 850980997 419024398 970471059 818536984 385459836 896864846 8667670 340685082 507493392 332123874 625959232 644487569 946676192 
477064148 834915116 784345739 871685181 373009606 710189296 758578965 953622822 85635940 167284178 816148091 978929449 630237125 861995110 
442587023 673460916 859847832 806200605 510725040 168991558 31591378 238340895 959652402 146579923 583217963 722887597 980731817 157413735 
444537076 139487893 117454967 852363848 412129850 939140809 12774826 652881755 388905315 34937006 943106462 165469088 208764204 440038036 
788956695 244142277 161300766 383412141 668624658 169210740 461379601 414882702 133916445 741263684 323348599 97221641 428983370 850292450 
267461022 973969294 666383121 529293004 36173332 445751725 849567930 719151667 806445278 158929708 839699355 294672172 109234498 950424231 
502098469 956568758 574162788 967880424 755525725 998332613 739773288 983924352 263369877 122281539 73222135 577892308 951094526 212399259 
735627245 624520113 904004711 557387764 836831895 660923073 923313213 679340314 212609246 473404235 795117844 22316964 420351604 460917160 
284296297 22177644 67737445 352788973 233478259 362855133 125913973 86172464 407802922 209104892 645070526 49893360 416880958 184038530 
229511036 845475382 269229801 336274757 803117114 841092988 530246959 685531474 386154852 493224859 618004326 767713229 957452736 336714546 
378892034 888267876 394545781 665161468 486781515 106443194 129076429 164489591 730395306 862407566 793634939 801219662 140218556 932510955 
114305201 964992350 138953293 326206374 599533893 483550660 278962035 48944727 910907393 189083003 341326740 315929922 480766736 912994932 
752971577 826674149 785791414 402491736 403249645 242320689 24479043 598395753 407720399 199833281 379148827 186776556 399604926 405520503 
298181197 213285643 880320759 776439868 740011799 451259609 86014571 271583155 116154822 71552989 939494039 877783749 672908817 721877419 
361538432 87638212 314522464 205820554 590219792 784597636 746699272 681459061 429119842 235075609 418448322 651928599 535643225 4256520 
550732941 823614627 213822710 288755545 901038758 113896752 298410304 34963245 104304866 69342331 204933168 678989725 954577647 442428279 
125505496 496286343 939192692 333336008 235571490 21777606 366059826 481985073 452853865 283951034 799782470 925143380 258429430 819655978 
219983735 502542779 555976276 930900565 227747935 65990726 37868787 838047621 750913659 631769792 771437702 138854319 245369213 153301545 
892371262 208965148 860740141 597282308 163949709 937689589 819359899 161839230 485550247 951238791 345515094 568410756 505057733 81361620 
366315466 270396655 380367935 908479327 515564523 96148276 346359121 872202631 458823732 242185061 658981524 530430165 11171203 143833734 
831856869 109786132 122806117 219275111 814200159 21012115 453623341 970624853 150518354 294770432 196521880 49470384 159420359 980435755 
360917941 278593376 410767429 129274338 278953938 576419199 201005969 780712117 233357429 37140854 458447710 374728867 816655558 410958655 
793940422 156721116 985082319 974049921 263577177 73742944 155793670 759469691 859862444 551726930 542272390 690778333 390667506 993316993 
413006358 361187397 417647602 343280082 179089637 662368212 532153467 344812124 452602752 924351736 298132620 705840365 954301093 477472376 
800213629 916076606 233945573 601934827 898666026 18337193 682494128 5846996 401990088 674305241 337993179 694780476 796353010 814042034 
597085668 579323969 203634560 823235570 780050162 675860444 57597131 855408162 930797706 892502584 567590624 368753413 346297165 147262413 
71150537 486815680 578727892 691307179 894092850 111739139 405319278 477404932 847642758 971193877 990862980 900622519 959475084 649706338 
789459451 829283328 519490575 612292733 28076445 752665487 962917193 98891357 910812792 62019109 140563598 374742566 46443638 94420133 
639243557 187275514 974115319 376629846 621439115 970980430 518186334 244660291 69742940 5852051 106582856 245657548 65376181 282839435 
513523269 233882826 928661773 263614526 877853341 307726849 752870576 648152358 665412779 782908044 97366840 958371618 696435767 420445491 
292667992 510789940 130832170 736781866 475379113 578550314 874904017 573546142 145525379 501641831 700066987 509361360 267229495 360683320 
373931700 920392118 588986705 372574254 317475002 54953310 100422083 539463578 853639635 489301816 902109226 491220683 725020198 867315017 
536787675 659859866 834754345 809647897 940906820 909926387 473600840 960703876 782845223 162511694 14699770 743108850 717355373 7771788 
504616048 150683148 165332130 91009260 803471641 556878232 133506654 926870791 369561983 447180698 929246282 477562426 777650410 707959232 
989312050 284626689 541272994 131611696 955508981 577604398 718277637 923690663 73694067 578308441 396821837 494814222 747907095 995789783 
91105501 753503846 283665706 111567213 570073949 239673030 254138576 252681575 133832691 17144112 926960159 98949353 626465642 333773636 
87238059 306139365 424653459 834843129 160969141 667138742 718715758 951556815 964081131 768186612 3122336 63854820 743635620 776354656 
895767311 58432650 30351516 428604245 363701418 799876882 653213290 346504660 526895936 897239676 525246120 898302762 328547405 362624571 
684340263 171950004 65231700 185540072 974890491 965860732 291586778 587727957 514202 100381338 101199405 723066754 373650749 458258541 
525927283 233145575 448458301 878974985 317327609 214920258 472804690 149011326 62596201 842619565 196716994 730985837 233245964 527111381 
371121951 146882526 662205349 771762540 824410784 525626912 668259785 946247666 790823508 39667337 432210131 435175537 507373022 87829613 
165648036 756833724 661592273 253090027 903528533 795718299 50897153 734337050 832561419 352306490 676853959 149159731 776100584 644547302 
548061783 188739656 993548455 604727274 917908937 439431780 106620721 93379493 876879702 485139355 927211028 605164401 602997289 160848045 
957163663 314855211 180448809 829016275 307839614 829430079 243062508 122015878 435511629 879417933 153509775 379360001 966652726 204994514 
507189939 917493149 24925838 183854586 906305638 342429286 479292235 285028767 908184683 773038718 906067464 939367834 738968782 316353068 
64025421 958355375 424401111 444105571 843847450 613566466 609871593 249123553 113111254 418289878 99127566 289132571 225399426 581272676 
565601012 285329581 784025327 721648103 993602821 370136647 286014320 945866450 975311984 597311644 55119208 552087984 655151111 301465878 
560373453 39133519 156684275 553993958 685552148 65990267 349692978 2432657 273558121 519075633 165467884 487395387 136832048 715272458 
46429383 324157766 698423805 745108652 3975960 891270442 720111135 362412501 910592616 332304437 760466058 356888678 623892354 433143246 
506600334 627099401 387445847 966833087 777839334 1067361 3310807 257615701 129293436 584198052 592684903 307968572 207568703 100486362 
978486125 404566388 182324100 60520573 505378742 96200387 592037126 204478179 682971765 248602530 58564024 904203712 345377615 450444583 
954691386 813819886 550777205 318062224 6193177 930615588 850921848 841613869 694740195 106084432 946467068 981494713 726962338 478302716 
809120191 199447905 614134064 320743234 127323691 386231763 417245997 244323245 256873486 536113379 656628765 400042610 453475886 88060812 
599733285 327358746 939085322 20420842 69151954 373521474 345993801 643476481 360692156 958973367 288306651 89855798 717810282 617381798 
217050228 913679927 268437659 332008599 444009095 2543645 510552372 850535708 63192694 532030224 956988911 750254819 795020258 354103155 
678732365 166227401 622162001 341996656 881790234 45532309 58326129 224812823 652854140 658850037 713857351 683653399 535104786 927470435 
62985268 552358891 668038418 732566807 627589162 799188994 457772913 137877362 800843835 121979423 43929263 645956652 523354890 939560071 
296219198 899632221 972404104 224765993 342302560 935835161 710423935 39194834 866405857 723306350 297631617 251921219 328002671 798957272 
741542892 808791084 242026590 88263760 236871228 896931929 23581933 993630891 788633608 450001210 459910503 350945439 676888331 646988740 
285512622 420331010 384319903 705690828 250980922 839941224 923514672 477218296 116372770 392944798 970665049 294144328 682710545 124722523 
150934734 610024815 707035675 612960198 356867678 526756540 328945147 355842729 937626590 702447020 888051111 882976580 496420656 267136629 
217415794 235234324 537198115 16561683 116268866 593895994 189467897 480089458 924927791 793751919 908635782 463788400 795213608 771185664 
119512102 90635135 171621908 955915472 931915066 693408794 66926081 180012479 404408412 354986856 48452013 541693327 765974408 691662297 
617425983 904955649 345179398 372097597 119142155 810329920 874544678 388059378 609000562 137472551 70462936 367413278 829983791 113757873 
623797181 614022582 659776463 225819964 572645074 983892776 709168496 47814444 169231901 440816345 589802851 565958104 508500004 420076131 
37591819 508424727 842797473 624441285 315950593 776490103 642281782 63696008 375338675 998718356 934027573 803069313 951011055 546847299 
987873984 151074265 187579953 412923809 219079100 952538437 178288677 882375610 831291895 17763978 82055946 718863071 798275385 915143235 
115421658 866803063 415195082 479938450 402185693 188657275 979689643 661850981 382653895 724039253 565893094 623950522 69373054 131617368 
183234243 522621050 732328187 829201933 29871176 412393104 339819996 215843423 776735675 704979965 559886187 261345525 809555443 149297456 
391283619 237316534 358749226 142784573 269901693 217649093 987054132 719835689 709891238 111346625 566273224 210571473 384035777 743782107 
371876705 192929187 665407332 777468673 848851535 703914612 500381095 228001893 415987456 903354093 81927505 814344610 799594408 515823508 
157051310 226775511 129083296 312094743 178499224 64219560 41162222 361522236 670195979 372031371 876587465 201649720 884867708 574061105 
589187709 434504567 859460945 638047579 189155109 538575880 46327987 175205978 281791966 209525341 589471098 634032254 6955581 21303425 
345085274 975367023 149291313 523745768 219583804 687695415 548030472 550139268 494117198 553604286 155356555 699029183 366180372 344618150 
484694599 892125590 384362318 586490422 748108465 512039475 697969180 198853683 133146603 191275508 278990461 586943324 523465603 111030907 
788588226 215263213 953481443 639752650 876239163 454244154 851807374 787379656 887723728 878228237 229343586 379572902 440460859 500458771 
568250229 776249691 372335277 877980770 882559451 658965675 191837743 221924268 264445951 455319422 751029712 485181102 193783517 898625378 
657372472 685605536 22557351 734959194 389134902 109185481 937103363 168548774 905983711 492291964 335849974 197745855 211501064 955722504 
839487901 518580816 457248541 210985802 593433573 340901571 769360316 165067324 920463612 54568654 763718439 177548420 433477840 660112726 
425628812 570633980 791359507 540180174 650654225 868818678 188115938 97912817 349770332 197223668 575801336 794150649 673228599 831983111 
700604249 716571046 309309952 653649533 967774386 355004232 884384791 74325088 865497594 15245831 298407336 722407665 562927406 414745398 
707551773 808591478 368489707 27553288 448784745 72496169 893925949 855677761 322358470 245593227 136923730 856242814 642294304 225606325 
472609368 512825734 966822572 167410205 930192208 832445483 81165550 159875600 143753502 649054059 976758770 209665691 447455676 859989954 
709398516 674848144 960599956 508616224 244691395 187603991 663199090 962945450 67271486 149733233 712864990 675206673 271296367 611595764 
157642436 522891932 367917691 828104136 363584471 698346436 369879836 979987105 950309312 412566921 714872171 392155854 348496991 348978308 
842377267 81731956 689493610 330187027 32677418 408067220 490733728 458385716 924329047 64095016 766045562 358135524 206608533 317557058 
611684307 177916045 943330466 139276181 348618384 947794081 51705789 382040304 639465723 610446435 330389876 80779780 873783124 338239685 
5279771 251085862 209176518 536452350 128588393 689279103 114463782 722166115 302460361 183265212 52460397 738695995 211733496 844475047 
598370284 144376864 314677589 696657071 944458930 540581789 885020201 357783453 171316115 581554543 543028608 226294185 858269791 132811378 
312417087 349331915 71337673 253075799 638001355 372654856 120371390 969853045 468012861 277801437 513010598 93286168 118209498 169397642 
646137135 843649383 876366960 90601741 259517827 687221538 300997603 138734018 887658393 140773459 863391071 306534887 784366181 847818980 
25024219 949326276 981561673 265707815 157694427 27064196 126261232 765969111 567545003 245275135 801085339 261118674 342913921 917555433 
277097164 380115511 565271231 468477416 215976210 786712764 506979355 690578766 657410100 809632714 38290539 494960286 864234838 37246325 
562435584 81373173 177764083 449377885 924470749 226057719 380178631 94789889 673961745 655774600 170889166 956611793 726323540 152156674 
426193096 314118213 885839216 966324032 197151162 981971709 954406719 727722975 553768126 192373860 678420195 254846769 675401332 890656788 
361208745 432449341 964495560 656199472 921569202 34259379 62662263 612355774 164874691 166972599 402584678 958498081 575722312 794700555 
945165977 454217547 797895084 158613751 562930847 374670171 518582715 910479385 871091120 856697395 15432519 846821142 528349388 805953206 
857752117 800204074 594705305 620817270 176475640 260543885 704234208 978194720 220558469 853369472 966521898 736440515 596578845 928273192 
218404141 930757760 425545988 169318468 488600781 852029276 100182647 627363112 111186127 265298217 32467031 108041591 472433566 360247724 
321685893 270379848 662552990 799233177 379803308 459498304 722363736 897378184 521255705 150444666 418573533 622350418 706360511 619568912 
662487378 713245340 160801491 620873916 719179660 318006518 365579000 203630458 593787710 585876636 34284097 491581769 292713257 696874337 
477196219 661368488 778579348 55080598 707697603 437564222 89514049 123685236 577602402 953018828 168454042 103253239 414495938 521103961 
346142196 496413866 613108826 440696970 500766332 491641893 186172857 579972813 396362966 33908611 636532578 877813262 924836668 540444148 
227113852 510627874 600684055 821826529 378396431 524479609 125192303 326210948 681096095 580324428 766167795 349327988 157265959 68713968 
233557147 231647188 375929009 705422097 156444285 999780986 734478042 182653827 916556602 636071537 995343332 859037548 962376125 94724909 
402308611 605246562 708905195 62086539 276811021 310600948 713429356 225784291 31787816 750936696 668721735 772208769 347429528 754165606 
378286751 420344972 853243413 728851620 107769531 441724205 517549970 838568091 59155346 296513462 714384331 603514416 527181071 928168927 
721639227 366229720 25376958 73681096 774822570 739533506 303382066 11021679 630685353 916723371 828782118 646710091 733239561 29564409 
870574437 441007681 48542896 282970509 546864289 969097042 904977210 373178961 840373415 431422902 930492465 216432544 277622927 834834851 
867833146 33513504 56471531 136658638 999156825 96026007 942545252 301113505 866290038 255107285 405753711 979695301 343178517 660854297 
826910681 685970420 337571517 750887476 689636290 283580580 283401052 262156664 495327637 947471766 39464875 790061679 819824731 605141096 
926096604 164782878 459976666 403649705 838528005 275091810 197874901 124451219 739193970 893450898 217290573 396342550 480261654 681939647 
718488261 405363117 526320767 172405069 587367123 491372795 143533293 498068887 928655850 807519777 629670930 642494570 822659447 823021880 
30752893 523537031 44607212 707114568 573217638 366374651 773136067 655126945 365078583 854206261 196131906 22491192 600584992 189235505 
395817298 503668772 328488589 456612838 177880075 72338313 996689093 980361632 399231709 814425211 712273700 829863306 878999409 839520704 
47326534 737742216 272535554 981380718 750858336 300945497 695724470 601730279 213359234 546479705 421503511 691964177 969788768 288142054 
176506867 636436713 964155280 340852795 762431636 987468804 779388048 452359850 430063668 98468172 944249767 248410266 462692328 585741533 
823117209 944948548 730959084 198926437 749163038 783426206 205578742 224357501 639678720 4942253 159359246 658922565 162944935 940896886 
374985471 770558123 880212280 300974868 637289695 10874257 583144006 429229635 885008256 177625398 888981330 836670789 732865939 332715695 
254842217 504930220 94952271 361321458 557298411 131858119 177346887 240754677 700494223 741677257 64978863 476253244 204008364 834323065 
92352417 917384427 690338584 154983680 420308582 476802542 519519796 980708644 85999964 116957674 504584571 797028540 453561992 803293306 
930374269 908776136 186321537 346682468 998365069 618165671 225108143 964507042 386635798 887770217 442963368 19661121 373913814 761061662 
238292572 982262856 15925279 639044275 687537242 628878695 735656110 703235517 317261997 297811375 295245861 622678552 596494664 350506907 
23425090 538981216 970911700 98028960 932565401 23128088 285331098 165287442 261274852 180441700 190423266 437577311 425397517 693065589 
90851487 134095975 336490098 440127736 967000477 114860525 316885628 292718691 86310156 322293176 28445845 106654135 351228556 368031514 
727652368 504683283 109020880 786258821 251865546 187124174 518863930 619079133 512608527 99317130 114152632 884922828 313705000 500846079 
514557566 952949132 38424793 39555660 9320930 904784562 945526671 648842986 684439171 924353007 241869300 487502170 636518357 313536483 
617983821 635188712 496261444 190313512 92554943 306368312 769123044 197072872 118397023 125565729 380818300 100038385 147198598 296295464 
514889350 382730329 155416307 671984220 257366744 971829979 754045380 289756708 359382427 946487670 985844094 82046629 200087909 480333523 
878394808 819220396 751902678 806610573 64717278 635231710 573192074 593649155 42510003 943310023 175747099 661497409 812144744 501293502 
93263486 667139271 267864540 748812391 640490634 716622157 507490144 158507982 327694814 488355085 536065082 129926073 689627652 325593785 
838431119 933648706 601408348 840044341 878790148 13241384 636948851 912019979 152620917 880487744 946684242 20763720 942196696 59090437 
476553668 96612713 6113309 208061326 434373476 583475415 728171156 529818639 162238876 305356269 210207607 544796464 696627383 302781807 
617683276 743027001 223340496 532375059 360262162 918561748 38286167 309497939 383172427 891325476 609977322 192274626 822856400 377363621 
440597910 741353079 225721690 779147249 427685972 861734264 611055468 951085884 44603954 658750693 624199965 954756677 31654943 75556 
578286566 361560320 998608550 369238679 691457617 140639281 611030360 866996665 592843585 706219266 170965600 208475632 134035432 612809424 
680484220 894013363 968194529 161400122 175943852 635826986 305194717 826036396 542365883 991173289 790511263 164256852 169884713 699332981 
853582307 226996829 663797411 978796082 585790186 232707502 629369304 470915476 566014642 753849270 307902321 571968691 767903395 493371440 
532545134 974371722 852081281 847967676 642979063 921593022 621600768 471961263 86010195 373817714 354709002 333257366 483086897 287546709 
864733788 285079517 469709215 55612546 818397969 546195480 148961427 455056594 261451131 803733743 776209907 692723826 187054039 976085953 
317788950 824460292 883852925 190812728 895504124 531178736 841282326 796214081 740875078 860717816 13135257 116458926 638850794 22175925 
221636758 749003483 394339092 867701560 938971312 969765340 801769481 535669218 870849788 347789079 397724563 512843802 498324372 542423669 
929868529 835510274 710152724 37900502 192338899 717601981 835484222 377461375 738878581 516503709 215985749 27869769 218777126 592872066 
136678437 675675653 791428525 181206099 924174212 669424869 876974622 993921545 363789518 485879797 405665430 501207112 126185997 541584651 
14156858 325165541 621251940 936039817 717613242 567401738 251835352 711689508 691426836 574232950 842210077 732940909 225956549 895741326 
204023797 948766283 692597404 895332402 962550660 4669703 520929953 930666798 143643958 970543414 596773058 607523978 905386413 146284172 
325947695 864298539 429898246 291246819 946377025 98121469 340615316 693692748 235185232 59461259 860119318 660969464 691270083 457874079 
582583898 675183200 494943980 733729690 494414411 165042393 52505693 213304195 26729424 344926524 462928099 777916362 195734372 862965986 
426688417 362115909 895201626 541657179 737061291 769402429 261472556 878616431 479329939 652918452 822173356 362435891 821264952 111285917 
544162925 261405588 814076782 339544725 138224025 414385612 115065845 34999948 105980083 89395138 568998836 560238445 920078997 514605375 
959225098 453856576 197578127 940812327 652696179 610856437 620457851 757252445 70540011 327103625 772371583 540234941 28897805 580735797 
949652262 975640814 764762029 926617619 565259082 447902537 479880064 967485449 511387558 138491170 185923318 248894741 829130011 192770980 
539488303 649773112 471014244 13389516 293749310 574804562 494387144 741626154 285437474 351815361 255873203 391688545 756425165 206246629 
179909540 261034414 157324635 33756041 392836971 642517552 709957571 584467582 874836990 582187070 192214986 944204557 674832076 525814811 
996400908 838951726 973319705 226510360 258812748 160625585 167257341 894683371 940683363 652731818 325904878 704027808 14580893 88506196 
40915566 949258892 527899085 679963272 533112528 812401439 833015315 308028394 67658774 81705298 367862049 7199789 243409832 469730788 
487758268 6102433 974628214 352095589 635349627 644809449 396768071 966144774 954625624 137558293 585349935 970265760 735263821 213915862 
303149188 970960811 975497804 391039885 60237816 512730418 442975725 52352223 699104292 899868150 366068023 983081300 592638627 668203504 
94058180 623105440 98787893 923759577 999005452 786991493 348126900 106838878 876926128 159927548 894842111 539559243 817430884 391487691 
980354247 931220463 975355450 691099414 40985516 895435538 941518402 221051676 13933065 388172249 493525587 834976273 231353888 703158462 
