74 8 59 2
49378940 60087282 8915428 814722407 464999545 588275595 307480510 407999300 
800473721 592597821 544473457 245697891 488600628 898801794 18172942 842931095 
634651016 244710847 370118750 306386368 646611367 830186088 755824937 575473923 
535505577 849200750 846232461 314627898 919610959 710205309 955206734 938114887 
894010098 601717814 215316046 139116019 644614994 948571718 577087933 187820107 
814704548 627821875 725615859 429827786 465679337 264051357 72326128 673543114 
209073055 102283174 785326574 17237375 451604810 229252239 113253555 609810193 
676775349 929693551 561490928 278260941 372632757 18943062 48127656 495456903 
21849347 409463006 291208752 804528356 201780472 816600640 104752153 833970235 
916443553 670768582 508017387 776701398 165224249 29447283 263620345 730067219 
658983391 553752467 556670338 585239160 674154158 537505754 295803667 443958294 
264785603 810038349 46126037 407893458 92248933 75491487 284833081 571861940 
267389109 820760970 445784006 293039785 406817179 570605236 872181259 600437320 
13437757 963073211 39553126 557104662 24880210 478733304 49578908 286710592 
682967089 177948401 40453250 474791746 845211535 40463553 241140438 679587826 
955571639 376578979 960158693 976031828 630707288 408699920 191625319 949024327 
583015478 575749121 185210962 585249859 783936884 781517663 733700125 528617521 
966007848 279524779 85179962 594821213 925200403 852957944 501482853 208022611 
635571862 814095904 854185227 784180477 983083070 103332067 773363553 209724566 
420456816 396116821 836851260 276568759 726492244 135934391 897802534 25937711 
894876883 88917092 231277876 359538657 211536966 712060789 160709032 206529165 
662651433 870974975 338378184 387138201 14109550 432045574 348411564 699419184 
315541525 921536878 594871626 517176389 393386330 127229408 994199113 391660141 
910161872 148164252 867484004 881102982 381232662 686007771 393098666 493038248 
498171606 867704419 156617601 742414777 295629924 23264466 745263929 532692599 
128775741 846247622 647865719 71894210 569154281 384089460 894776608 602598164 
232172978 801007318 109051247 27092513 451166051 334489217 996062438 469354548 
370607069 751221086 972294665 911066555 422687152 544502368 904452828 513186462 
179625066 372364728 367812743 406034256 191845560 482618229 914915035 2604746 
952110488 207531952 417217180 649328250 474268355 597418987 476639357 617782411 
826152661 560269462 226444642 54354556 734467502 817624313 215732989 433386376 
824908367 418194489 585942827 289582582 464701527 494085805 211121242 864433117 
762684747 168241001 63002095 603656839 711393219 544381201 373095485 958825676 
868626186 738331654 648371344 289067409 487025795 152720591 866566872 916683590 
694201259 495335168 49635750 350390540 971319135 195104041 845374675 194542385 
7014623 268061774 221655236 88991455 459538536 412971942 96052175 756656898 
894511509 953744560 28857481 988654576 133531996 103821830 690202839 508711907 
899440267 917552942 2826081 511586165 990753065 128476506 972387948 789950297 
206887124 542429359 772128616 131270284 597616366 80184110 622458344 512028941 
354494431 754574765 803841586 797360938 412862475 940477411 128647159 879464299 
609930109 714041251 132202139 779555949 833777801 126551782 775516176 433752229 
739674040 831363421 670300214 324401287 731351182 930296730 476468792 641885777 
783772808 960335487 71867388 494134080 563885804 973926898 17533360 855820580 
459171378 287149321 693023791 766328308 876815842 752750453 506030353 561458493 
365274330 982339194 464015656 112584563 434518688 476368363 665487297 694336814 
829398375 413700208 356203386 117867425 479645436 560166920 602756177 850806722 
45819054 401358885 279445789 90236285 34035877 762399230 390324700 649236595 
374233854 669102698 766508610 107708105 533744782 969979221 802914192 840013819 
81635276 163142185 199958591 504298321 328751929 985481178 725427491 35059392 
387424005 458087632 858812057 899669503 84144283 927640427 709675234 141343950 
116120649 533405241 311010032 543898188 410354472 329747337 802062636 619651454 
786319913 318220799 177141840 417301377 915743234 518076306 386930679 352509642 
144998677 349723829 473609665 703361992 259891069 748847247 758654559 17269574 
959809676 83509777 749875504 37109959 84329992 343979809 492481626 781649012 
534085587 458383594 138143498 849863800 59985706 637928853 913249512 24860669 
889744713 711243919 280765010 272735515 266771135 899958520 42007955 597988205 
625782927 495728444 830350218 232061876 947585967 912167787 747969314 412895370 
714606360 420348916 670039743 197669557 370995576 261219773 277950695 444066787 
660393907 630919808 498170893 482718384 320744080 955035975 83391788 879523513 
68300926 529107298 219399757 900184387 469060226 296095362 823974663 155007334 
906461107 404632597 767077384 515468226 568980291 482893879 110009016 981252451 
562154921 661427838 56276766 140561494 616641943 954840814 578998048 370170189 
568644557 563365184 294874369 378984207 961239540 59856697 959617997 144377048 
95506500 24968814 498363110 261047378 718984834 10304445 96642843 38510514 
445201732 594757358 445331484 569313434 716128589 534403875 529124274 7274489 
572233913 441435838 62543768 908444990 758385411 581598817 237964835 175714937 
927007282 668368037 613574864 570976555 784167575 36538086 255896636 740436416 
665908609 47536801 499093471 981415191 890963967 228156969 433734033 191366648 
203275253 728979884 929412729 978002834 820334295 830224318 271847074 693293003 
692554137 282754185 33757931 379582682 900429028 895565882 553168250 285812004 
590540968 372471474 191248354 937781852 409720257 973100971 347987532 32800965 
272207613 870926768 811329283 20092781 987868404 140419312 551154474 62319610 
215777110 179107196 709905113 427085981 204261337 727516527 694633369 265036053 
13338034 200671256 798386708 994004765 785771878 188846337 122737861 173307998 
