79 10 6 6
27 16 38 77 89 69 38 74 32 38 
3 99 36 81 50 70 26 39 95 9 
64 72 85 48 70 3 41 46 57 9 
88 89 36 56 29 85 83 29 22 85 
26 6 13 37 80 38 17 8 25 11 
33 43 67 52 49 57 81 96 84 97 
58 56 41 9 38 88 46 29 52 91 
54 29 71 87 77 32 18 43 91 36 
80 57 59 59 94 93 26 13 67 25 
63 60 28 65 37 66 27 83 55 57 
45 79 70 80 10 88 56 11 30 72 
57 88 26 13 47 6 94 39 49 49 
86 68 68 5 68 53 17 11 94 20 
55 76 40 59 72 29 59 52 26 98 
37 73 79 40 62 6 42 45 67 45 
30 74 80 58 37 66 1 66 49 70 
56 81 18 3 85 34 8 65 94 68 
98 50 86 44 18 58 30 64 39 91 
36 22 85 50 86 51 49 52 53 58 
95 29 87 60 60 73 9 83 67 76 
44 43 71 20 77 76 77 38 30 34 
98 84 92 43 93 25 47 13 17 45 
53 8 93 85 9 89 89 80 49 67 
46 74 16 39 0 39 62 81 71 5 
98 87 46 82 38 4 17 4 67 11 
35 65 2 99 22 79 14 86 45 94 
18 25 79 8 16 19 74 39 45 49 
71 19 28 98 40 100 16 68 90 61 
52 69 41 9 64 46 8 64 4 13 
2 5 34 33 75 88 37 38 16 64 
17 72 87 49 75 26 82 5 17 38 
2 29 12 34 37 100 16 99 68 5 
54 84 6 49 97 67 47 13 43 66 
64 62 22 37 75 72 72 59 62 85 
90 88 77 99 87 80 98 37 34 29 
76 51 99 18 32 39 73 63 80 75 
10 48 84 86 0 83 24 38 86 3 
80 17 23 86 9 71 97 33 88 89 
92 79 70 60 57 88 86 37 16 36 
11 29 0 81 3 2 72 97 73 1 
4 83 28 62 31 57 68 63 64 23 
98 6 90 66 13 49 24 3 22 98 
68 10 26 90 51 52 22 49 50 66 
64 44 60 88 17 15 93 62 23 97 
46 91 14 87 71 37 19 48 55 18 
80 43 8 32 82 37 0 23 57 66 
53 62 62 70 26 2 53 4 18 75 
54 87 88 81 43 23 45 24 85 45 
55 44 64 28 2 98 76 35 20 100 
36 62 16 36 9 19 36 48 5 31 
43 54 82 52 44 13 88 1 44 40 
36 7 9 58 80 93 99 17 95 49 
54 44 47 73 16 48 93 48 14 80 
23 76 43 62 37 30 88 6 30 97 
90 47 49 19 47 14 20 6 76 43 
28 10 2 13 66 93 98 30 34 3 
39 67 86 12 69 43 46 34 83 32 
65 55 79 17 38 96 20 86 82 41 
95 68 47 39 81 32 56 5 32 24 
74 56 67 64 95 64 3 19 29 30 
50 38 22 67 9 95 31 87 5 5 
13 15 66 59 45 81 30 0 41 61 
3 53 19 35 72 53 45 74 31 2 
37 21 62 41 21 64 39 65 44 52 
4 77 61 51 27 8 80 98 32 31 
59 55 53 14 47 100 22 58 4 42 
97 84 19 3 49 13 81 91 67 44 
7 55 47 64 14 82 46 68 40 83 
15 72 88 4 71 35 37 13 100 80 
21 82 36 70 67 40 74 59 10 15 
31 99 39 83 77 15 8 25 37 32 
77 90 92 88 25 25 17 57 45 24 
80 63 72 68 24 59 56 86 86 5 
86 63 27 39 79 50 11 23 52 72 
33 50 53 94 30 75 33 39 13 49 
49 16 31 92 22 21 61 51 40 15 
13 61 38 36 65 91 98 59 62 25 
16 23 54 12 78 3 76 21 14 57 
73 81 53 47 37 74 29 6 44 61 
