1035 5 598 2
793562590 983439584 400566311 890595898 482014674 
438315125 567322266 617569809 607256864 131800289 
427478483 577684926 540216039 433231539 931018070 
79689734 59180251 919586007 325729155 2470821 
903437413 658738973 897743512 242386789 135338745 
82173732 576050295 88026553 154679505 744462285 
9132020 457183882 484525794 921450337 173557109 
699947666 751964297 579613983 413784548 534149700 
484209147 577694893 695744583 428591655 690174850 
98611223 670424976 193774674 279097967 72023000 
248881975 199690602 179498400 256105544 254128166 
318459943 390128611 597814906 737167749 430169438 
167421162 302664534 887452279 773005789 818573788 
923223065 431820590 543099170 595008067 475735078 
480218518 945539297 714655299 68698453 193222935 
554487549 388138672 219005838 601242025 122404034 
570569901 559491517 201780040 775410159 904762361 
612297762 15271974 841768067 44231127 608082915 
875151005 184422397 132366247 443034206 725988899 
312948389 919193463 132386549 713286190 867478587 
804851438 239389474 394108159 489702995 864197665 
796937640 505939601 192026860 715148695 791764512 
412407820 899831345 135287705 132120513 289244732 
531358107 592153635 323986826 651942676 186722974 
40785491 550793066 429022007 354814013 248842892 
708152705 477293010 949945741 197608921 104011121 
389718819 247957684 646610800 375828848 406106772 
639090731 560739053 668758879 502351147 899780349 
247643360 946244870 274337940 513210231 666883676 
926453699 454821499 301771949 637944194 948164475 
34324866 11955432 948005751 53778876 30915388 
216843182 22228027 275559459 402166146 457210552 
689902241 10336613 518092388 570286546 123740704 
534804477 32437772 46285580 207122092 388881256 
431739921 95928553 449838021 40118484 921954799 
229134467 410418516 82144163 792473411 89478049 
189077060 710092135 9556717 830882047 527133493 
49428270 790063501 333053670 571994169 896898535 
261501155 962509496 312893340 905933429 815343960 
343928525 459607149 929129938 564688413 41370110 
794328642 634378320 558257415 506814125 653066581 
949600067 629611874 201470449 652237109 944157870 
243532091 126734216 78499631 411276621 674399187 
647020575 471375168 888681643 984613750 542494043 
245556176 892003791 869253179 969033862 272774322 
367535932 276626340 536923166 830436579 944427025 
342257841 406747789 854705917 802804090 694835906 
948258961 549724477 443392489 573813638 60732269 
721932555 516268821 795833496 549113321 249579736 
924243268 902912513 732552087 519235182 63911900 
861161085 977272433 176391346 678695599 260595565 
976677540 706328667 912247083 641106831 746520833 
408407388 97577501 419482074 803419982 211111909 
936099518 186516373 423828780 304417045 928134313 
59138830 656337343 671392567 345545399 815406145 
570800228 174587316 317850952 60610761 610785639 
367857119 44834984 640952812 833044993 789928061 
344477584 292755388 688757417 579982554 232556720 
450144617 882473099 962288960 189406066 159713858 
739780906 293098659 291948589 298480927 484035709 
287396589 941924702 629380820 231693286 620032551 
446475377 179348128 190449855 550141861 234119637 
945601216 622754185 763022395 647137912 64481916 
75415933 164981443 982095822 816670549 198837708 
848923691 151597059 529646565 364633818 93282006 
785666158 817372845 278913375 177350529 973517918 
560807272 960484444 293465553 803946375 327994044 
276311887 912091875 347438634 685192113 676713732 
962471828 632727855 677096279 419433154 432727454 
54068886 606383821 427594732 412543839 522449183 
432071102 562336099 662718573 99840889 996032177 
792974372 196103755 509624932 431769583 509133993 
429990238 215787482 531874127 689944840 114683170 
119628925 840415975 333883018 909497760 326253520 
465249308 842355913 145905731 273232637 193185800 
216362867 812195169 395418607 295599606 799069920 
411110212 210707144 84507926 760438324 309320594 
977398535 61935643 171040603 661444928 183714726 
496511815 11708393 143886759 864171406 714399736 
298771338 658406636 437087223 249911957 510412383 
799912494 345436264 86557671 14019852 67199691 
876928076 189765483 964633010 515840053 366436627 
92688882 290670742 46625442 876256067 960970761 
992735832 585630561 675758712 208440813 770383123 
456383256 777045539 242580808 939039992 985373643 
672372812 127941447 181190525 685157799 423536013 
745978661 991343729 143434670 340686078 584784252 
456130422 701592033 271079883 872570271 834945828 
674892995 955791097 362034044 188497581 388169524 
778486019 205011531 570776086 893107197 61198404 
198607805 230590863 624830583 594325644 783011154 
422702817 915196115 790314165 378378325 226851506 
560648766 665892741 214954282 228123302 613391015 
366140570 792624492 624816043 559720284 349905532 
166753138 451480344 361737628 225308176 655837013 
407172384 521566300 153584022 697451531 616413098 
90106724 721419166 635842553 269011074 648342787 
443903123 429361451 319351060 4991780 259476711 
530946327 933217777 826866261 610235416 779321861 
869641787 752986311 392029127 675992876 552600784 
697833960 936109875 871617781 374716775 114577196 
558389999 424703320 323750415 743514315 124452321 
466645117 39017121 991002093 353608567 894074810 
153720997 397609868 235314439 162836074 35905980 
28318730 311780725 5804074 144840260 223964788 
708015119 105871398 457376740 464231651 205773314 
64800500 969588142 877080517 77863949 768313820 
632362251 239182615 32781269 559673122 503343049 
357808541 652578404 937917336 158143344 634667757 
257292839 250267659 770502421 43310626 520000575 
103808463 200414792 936881812 563316166 247963917 
866234686 503232405 907862918 624920464 399562548 
714354133 736459818 351901580 895259277 987216723 
419133830 960622981 12125812 479787350 613222418 
447262056 632593643 137091410 710246983 949306974 
988173981 404809431 928171967 666149640 552328803 
958647080 263833956 253012332 435719245 178002357 
311338803 936648842 987961656 245401407 90092660 
735854549 372974115 147756551 452789086 976319842 
922493473 216807010 17467903 465201315 255773083 
968031483 166487823 486297711 298094386 735214644 
977207938 631851727 509887633 110214458 406723548 
340593272 592417 469065633 745773299 624502375 
782205674 520949608 296036722 485641935 851971220 
868061234 762545715 831303634 527141456 637009039 
18093803 876329556 737275691 936066051 914015567 
119011764 578808490 417946098 489845305 40087266 
984337729 424897105 629228407 334841222 176750156 
80201552 204200853 89056563 794877765 256728124 
894395726 987832267 390526090 164914149 818484772 
844789849 812705042 461592411 19766218 240548313 
849782362 976949201 152958054 697174413 681465371 
937012445 661954368 529904906 903495195 24125551 
413643805 353992779 448501737 313520864 6669304 
562770052 68394721 492343734 418703951 597054268 
465966917 180957750 681704423 39424594 577824631 
666304324 261663050 421619317 553602924 480659141 
49299772 416551668 508029499 640125192 14446496 
717761441 941350063 44335090 989053875 585272216 
786079655 330116008 352208752 693351406 826144359 
209132996 62682477 452598350 502911489 376793210 
161070996 349227356 961083526 921204769 483130295 
805673026 247855948 384689042 694576830 132211548 
170953054 853238685 452897460 988136683 250600873 
259547110 496533129 335708665 617994552 859202075 
455014718 850853169 849240829 81090639 559689161 
477230629 409023810 701023954 616882594 770297283 
516967527 123647553 13665506 87764291 617031192 
434513240 207537164 72765086 939141583 950675616 
582667231 811837057 338842545 312729017 455925073 
472701584 965799381 10941320 764069789 530072125 
421787468 594342047 438573949 546062656 809838957 
333561154 605782502 395912140 746785114 732769786 
201257026 717468021 618284918 539240814 788525997 
243468974 332307816 14848852 944212186 551540887 
534450826 461197156 25309949 701020744 681645287 
551495915 335692568 246504584 606149227 213737324 
288429907 509711499 946123999 849893467 596843020 
55914178 309954166 758871654 188032159 509130781 
647089546 386284942 602599946 875227853 204810589 
402830936 267130737 525652781 362995376 382491150 
628461126 231152983 255326949 656014640 621047716 
240645782 43709114 970987519 765642715 819519030 
195971476 55496394 679260690 595175839 977464846 
52004918 286806622 364200734 975430618 581851164 
756517846 473569057 360116922 443093344 469676453 
381113241 168218656 165896501 130435761 612431080 
291115356 778483902 740649417 79699440 194398426 
188801951 886457893 48756499 834931511 961911144 
74510626 816244792 180769342 584021722 178958383 
874304820 824279483 818708264 971422950 380318920 
603491024 683856021 773516687 927792684 339539920 
552885220 261350333 175475747 853298211 287886963 
451232174 951010050 352277157 153364431 183410044 
429354828 121131964 247389402 652316092 378713347 
346353117 33022893 80174838 849184065 96768970 
744189944 989366003 511107695 730089230 365439727 
719651767 926283334 773119787 223043380 901285364 
684214669 582368016 354597074 551518502 615639872 
450936908 589417809 261486869 735821400 515487370 
199112760 971764162 595451824 803770246 643918803 
914549701 682748985 255955124 750805749 432725137 
648011896 113575054 669121166 891318764 928583283 
417589887 545087861 184944268 464933788 400626580 
368112886 926281866 658111752 206502236 547470238 
877585736 837138006 332364216 273104317 115528153 
185126431 888967650 192448347 155491196 305949942 
551564197 390277206 832132797 733648458 668153107 
770616496 210024501 332161859 193160723 593847754 
992251937 673408710 32564138 928091827 640615457 
363847949 104186085 33177544 380230961 573245282 
472889571 7636456 864020284 118969920 650687928 
831607323 617473959 879289788 961742427 269428429 
401414888 750467392 486759455 833584925 929085628 
176952184 11964064 296647487 968271139 394423275 
943483799 798702583 514883849 243590555 756708815 
353811131 538658925 794897708 496758690 881678987 
945037028 408063535 911463203 938291804 252084458 
651178573 196905436 323641595 471777361 592862676 
284791333 952770191 966109422 706551266 497988696 
354982823 609676096 515801012 207661634 281371355 
301781560 894085700 626324306 194757101 163520357 
439307364 806403122 37707305 181309549 49601164 
950660596 119727691 653890095 266564005 432429652 
859584413 378574405 507497364 299970198 410874943 
491911698 499884714 970729373 913584286 337899494 
637278893 770020670 883165288 854491100 141062762 
629510578 875856332 772463405 551558281 844775474 
433217265 428607141 104215925 345396261 477546050 
208415554 97905703 160281725 26930977 662691663 
154082684 946321219 505164610 504854115 193707248 
50662472 504738642 506308408 398321123 805422514 
269327838 603929829 233008758 933587284 32429488 
667140687 945850786 560599540 660388455 129079085 
890131242 364215212 409822691 235793353 530209142 
588541194 236440860 144818668 87448566 904035784 
673323367 616392854 762611551 262856788 400063331 
858085284 808720478 834099732 195102297 848423326 
414136213 650866349 65556157 9510802 67163840 
389567675 677172612 149467938 869377102 247819151 
232015939 452406392 410140748 213100716 125593081 
322704096 79633925 987363864 379602693 751921664 
303331108 839602923 570110050 458494045 290039265 
996268903 774229649 159487182 424461283 372328674 
116916082 257705485 907202115 571516738 294813100 
531718581 955336937 342972190 302880737 577016241 
19586955 433627361 74937018 569155969 38981184 
796294635 611184765 318837254 911960805 714545882 
894953707 995159427 616363699 469637003 759478778 
941544484 774043400 877487535 688956308 504756320 
915040280 629682495 272573680 150618411 520873671 
679561444 518276151 186154808 937000621 49828833 
384735372 914351210 683572412 624456857 521284602 
914774780 105886528 579187303 413619273 593149669 
528740001 598387608 735354969 277255100 90542082 
472356780 418173034 49310501 733016715 248820123 
289660364 884413840 801442753 837083636 114862012 
667737826 330090730 247500644 803084527 554443789 
341915775 603594302 972087588 865353059 812491313 
107511048 49057648 60287827 447026473 375207195 
633313111 855012205 651629645 283087956 360544611 
444388863 826177678 703528811 812916182 166627361 
171020088 414161535 525863354 887340011 155209234 
541094324 893500262 255001679 382516203 734472326 
347329587 234377381 435297838 479595635 867649481 
209177002 346660215 477735964 834115733 116140282 
869196700 846801867 46762250 683453151 630344357 
996922937 90265949 50333266 146953270 763777700 
650297923 943828443 305927211 731701032 116484706 
978670718 228640624 161685382 521662959 696069663 
783075087 3290895 899375531 370588355 530301813 
265517364 922623322 796156845 93425355 3632839 
130375616 452529698 35455947 254833386 694296972 
276302950 701118972 689874455 943534360 192465038 
451481572 726023868 378775274 77981626 221248117 
630639488 463170987 402299301 663023446 691044529 
316285112 436254532 426343572 315050617 555780900 
70413065 22772058 271533986 584877761 941477192 
705632626 505386485 770654806 514856775 933131587 
683734097 639293562 10125329 249101218 399108522 
216836162 378577103 524334346 141122222 120627238 
161434505 232429468 164036115 712280014 375325443 
910114685 50605806 105471156 470733409 31799464 
206017394 754548979 114232153 185937615 663518053 
941902956 563578889 963786918 504713861 741819643 
572279134 743109845 829865058 625172616 553606815 
514537474 98862951 939581395 407620176 283999770 
640104840 371316195 851151389 803699055 745090363 
443005511 446234768 144318670 296318198 967804861 
319895455 735273456 833732865 509053266 213452304 
447362496 922419785 486470810 1551752 578215271 
118628129 984598706 744646382 339433601 439675396 
237579263 324375473 216952730 680663748 898067509 
548462124 222442451 887995337 415201966 138924305 
115336729 149192914 819368110 80482485 656578542 
255704470 756497919 146178088 112363276 799045367 
519197888 43628297 818074932 635828665 154332228 
644164393 80364339 337977378 743876032 253891238 
525027904 358288839 464698713 325759806 294081889 
101280089 217748274 716325832 55088625 800319580 
553144108 959594175 674611654 427841627 415562343 
386882676 276018662 365325473 488049493 36960246 
271096759 597039017 966759550 443879100 514436569 
853773505 182890769 306638459 609898664 187999064 
120057913 96803144 426682362 874929842 926959885 
424186941 854622363 378360330 355329742 844328965 
924038490 602611107 727241743 313734525 391799171 
869051835 146998551 772581503 771470848 154067152 
661382928 877664927 678973417 839049301 832402963 
869386469 789520125 123471428 579292314 712907503 
653274049 742538266 886645068 475388560 819370171 
825240349 740011884 203102282 120450990 205686845 
618804371 383053097 575664591 196585202 326266307 
138982551 94991604 518001096 893984713 862878076 
470575080 342034369 302265426 807285364 405712666 
74521317 749463139 735330982 521563146 998831665 
689870904 596987525 326138976 796274702 134360775 
990579776 241190190 130245744 501227799 134713041 
609452988 866486806 994806761 364207291 39945428 
455617949 814399664 719910732 502000496 787957752 
567114024 234769642 120851279 687682099 494660335 
942026932 138104107 166940901 882931326 314855800 
29375560 291931308 221049112 331885126 912061532 
834227439 890707508 929749070 130901995 745854321 
789737562 746488165 40858570 972147842 791092524 
411102158 699976540 36520095 85232853 856902453 
767103899 981218615 674937150 979393730 925574978 
676125976 45147036 659559092 817364719 456917159 
904407935 678289804 475996547 679333106 735470529 
713173679 489671004 112829719 188953169 801919640 
36946372 554310999 892453225 160516468 118147121 
199011650 459889767 699420738 477822120 287620058 
475080645 964091017 669031104 83394254 479557223 
190621738 639638841 379435095 123867119 235988905 
125571888 803130743 319116945 60880142 289841873 
727988391 920025321 307961854 923352842 52307457 
431276070 431225202 151887812 537250381 951086493 
120950262 339470256 140701287 384774074 942584157 
720522060 529999176 559578663 879430159 360040387 
648909465 111300006 302681335 342019796 123371769 
374126345 800236118 192371204 528461660 453822910 
794732536 525574221 130989828 926618272 641686506 
336653439 110334294 213957610 160867476 894102910 
926256000 646731689 557287379 333644925 686216555 
617319154 98201185 233612530 635992171 90945576 
106192435 189223444 820155519 792269007 135922069 
642072168 18415347 874865408 55704208 63109307 
563869312 789084314 470996854 712374283 60807120 
666341350 408910941 336148611 992766287 989776447 
979912568 489962885 118095864 24080051 451842354 
60017045 164672781 517565642 348282862 878558876 
798298006 415862980 710035091 697300324 522945178 
829582728 146963462 16081073 547402112 793202929 
788891411 348035287 349563602 563980375 978100908 
814875995 16530877 26454779 335345682 776143938 
700107568 909284279 852299741 398177938 906849206 
140049236 706726750 250148151 587141303 253396723 
432977789 925010494 530392374 88585799 426228319 
192043035 334747752 837982880 614765067 336721370 
170246253 624014351 828844771 279135745 932605979 
632143756 290360329 733238178 812132304 858781271 
162896833 906712645 817463129 476829324 638998075 
264870788 981980501 113861974 360115924 881989166 
304489461 506007073 148880144 238673765 172871589 
474431262 601804849 378995404 887796394 677027334 
449082830 730170762 554642089 723629022 700157277 
743578093 888327511 124024546 283501877 330366739 
390753041 69061881 123207292 589866488 144975885 
871631266 82878229 115688627 424704405 675313675 
773898870 155346426 349745640 80593928 350837370 
323837024 489328027 365968424 380209159 576776418 
89287834 657904122 789243826 834342654 791227824 
736185537 644620956 342207320 310501945 797986348 
161285257 527637006 69414004 414747715 199904374 
862593250 594843238 486535267 858226099 788273543 
502105961 42641230 355428064 630930634 100898629 
897258316 63813294 234866291 815333000 234416634 
267999447 609795778 549165205 853284670 408284046 
59975296 666637336 968478009 695614872 597021822 
329144619 80403797 533140665 300040017 585870279 
644579242 244629142 804325557 253256295 714925375 
66785227 817624438 31923276 881406148 949092363 
58708124 714101016 381087989 276027328 980816141 
616332467 77619622 40765231 255439204 466132050 
459921387 416060254 684091554 25933135 860283356 
207666850 865821957 49400659 808466631 476836708 
644411157 70603814 934626339 491889798 327064368 
428965546 249545254 122216431 878056671 539252781 
514529583 508653708 676822453 992197037 564269628 
415436281 576645131 376867262 130965990 244363272 
596179677 79817994 858080128 271657639 375444308 
55207076 795889172 616469026 196995660 782483421 
714770609 782786729 564312036 233331900 493409082 
176825298 889453798 795119849 677798981 406743258 
104391708 347159205 275074866 876246843 622459472 
726659612 59879307 510552526 874388736 863675431 
480132185 885400582 79269985 755589844 960683426 
239208741 236794549 582558724 466947965 852072527 
40237022 379281409 667181779 991911542 748093498 
43699831 525068149 232397366 825245307 409874325 
837975490 838067421 941612159 71244751 573048872 
598680920 107463454 412216828 920436097 470736237 
119582632 872062763 916700639 57730227 379249403 
543871699 77677815 816502489 637227360 829076539 
44888053 121901867 994166593 261644672 67776011 
253012164 545762293 769722884 460964611 83231475 
669622060 206734226 709097634 10687481 519833718 
300287968 115830840 559661260 173880305 655249854 
488598364 446258916 91287671 365671552 581005107 
147816637 135855091 184502412 159098590 602684389 
965800464 924132051 57371234 277166020 929101143 
668961464 500728541 816200770 624602725 890133140 
798295556 151685568 595069866 41948511 237386733 
247615970 509865242 809269787 890429831 786724966 
828852572 370968132 813904386 697695761 219537460 
604597820 116443107 216922274 183701464 575532627 
915624105 294908625 49704668 689844644 467816413 
784645620 521582811 803373231 594950235 889312319 
744268882 154902452 801440633 472201798 969141986 
765643943 422069397 412515721 267718599 602766208 
998721865 608228414 55270205 975869022 928996045 
108185720 150362509 196717496 963167912 365361550 
383563815 808893690 438039556 778457850 730857838 
709321059 446006086 469431415 204330722 618111710 
931323713 778799852 388615629 636553336 286965117 
439823946 870440980 140902079 902273990 903175017 
592523841 689820836 196504186 749221044 314282025 
347531019 639956313 547250520 918934792 956927920 
920268240 953346955 143140876 991287086 251488950 
441008021 304548014 682414084 423854979 658437284 
712151527 603302677 785195952 705008481 723110630 
968811332 986152986 141267380 159744378 295673167 
973580631 743136297 50247954 510654634 939714986 
237211674 768970232 673547528 10083586 307103161 
339439201 123489135 578037668 236329801 487966290 
98191046 7233715 22964151 123288814 431147136 
833872658 238092803 155192065 903907274 988295927 
726852691 677046828 242549887 572834269 80247314 
47820279 241616244 263256354 910349460 610297566 
49659317 380665373 485153954 584230471 282732155 
509649849 540843036 330979491 950572978 805652534 
951454818 253936629 353254115 374366667 842484822 
501515893 908767395 249188065 991029757 600684575 
447309583 284475538 21577856 952397913 591780734 
219943758 722488903 888492406 15357866 522736297 
972358006 475780429 899926715 614118767 971683929 
828902585 203538038 992231184 794315780 752347525 
571704035 320952854 454584071 697550157 404645980 
995147926 164521566 520473770 639936747 35156272 
138642925 482799699 749704747 103108397 597713363 
523086983 446201272 380751454 446982343 440851881 
203545302 727215042 219581089 253369330 529307464 
323806496 318912466 203011795 547877200 849600526 
337303569 451475026 819267563 233848710 956018437 
311972016 218852900 374690673 631767201 820418027 
692247061 664652161 873445947 973078889 399216320 
152458687 299475877 587709326 648514459 448114380 
928945093 425141897 188225219 609610816 264454019 
292000572 980187706 819783555 114559934 708309066 
166250114 765111111 45302013 911407748 725487645 
244465416 500943461 605796908 992609097 478925931 
525790416 513972281 352089540 654527595 929242913 
770317934 532066125 541028160 229519897 162058257 
287734009 853667292 379626812 942633525 458332813 
52353452 908911174 205250473 70122142 807807026 
31399859 336457877 527711356 452224503 213874016 
505819351 861243998 657199598 96614082 902655048 
395341354 295087264 992422721 551872962 524133708 
624897860 184723862 170883339 895282231 867589684 
75260805 565792749 773926377 782933427 843730768 
37950426 347689688 673509677 729856042 433604233 
943861382 369008272 396929452 614485415 109740192 
502076009 767896405 686970285 517805797 32962550 
998437113 554006061 705757243 485810127 609405427 
925065166 578400637 463742824 280599597 774734857 
115962128 499932138 572170880 73349252 70360869 
15287757 214003063 977812622 856467563 694887478 
454151598 110261414 703058887 581772804 738288765 
405119434 645857694 760901608 878117419 115237640 
219476140 801201009 264820858 789699365 163077191 
228602100 537686978 489823431 481393106 865321020 
538843199 312372268 643508671 433015783 41852366 
693763735 610210412 351281586 354978876 513280943 
178278525 117802815 359665376 780386896 857509929 
221089260 131979217 950262164 437788148 547965806 
171021347 863101685 360881724 453908472 570655128 
417973114 981822924 557232783 104209968 136797210 
587457132 841833226 530792953 372537206 776688407 
964179012 397570180 903326867 747305213 466119964 
50071771 793508265 321786133 765210208 178354008 
778058338 745445456 272105741 565571618 966326433 
935609673 380869408 543357378 923979084 341649371 
515546657 233353662 846324415 348208346 152055704 
264677396 648843475 308818595 223381189 178437548 
575397585 452758897 659773378 840984648 481140162 
341122509 164201642 629555628 60364552 792322323 
933998229 145820582 641467272 725338868 106307354 
132799636 235644133 536059448 36624947 194066786 
570024207 96018415 66228791 431908766 977403199 
868485693 609216149 999170247 319858507 158525759 
745586866 722190734 684828481 231516696 862985344 
977378484 609065288 688868066 782641907 107209948 
300483861 2480289 859501312 618981224 463018471 
80574385 32154641 735470435 158686558 607303286 
561286597 519338354 648054877 135178600 83134642 
269240975 183518322 343362355 584996036 55741753 
209962520 591644668 422752123 576803892 930560114 
649146513 141752801 714800526 106981608 200598849 
621929985 613834363 531467762 79881173 480357186 
670589631 550587994 836968334 62275216 606768699 
71954515 636498563 683647291 205319068 616000386 
690758634 654288033 288863786 252472234 705073375 
187386024 483736328 237418098 161979289 776723500 
784981291 660459967 853960102 117436621 271993513 
176583158 498867741 847016707 760450000 980858988 
817399068 2315268 561373881 858139548 536881173 
761736188 508237911 789362094 778352450 810423658 
641618457 495089528 288178167 191027543 403162638 
160107024 878711677 862804822 413380595 282286886 
995269376 537441929 415647585 475148097 60738306 
390774902 20304208 314825749 201548729 409522095 
754689754 687337975 685965814 841038080 82101174 
805173034 704554565 958145623 318131853 405691239 
747759155 338209623 844636037 515468692 487742638 
692317081 916961690 609637625 259171323 717412484 
462286420 530419287 861686023 919345579 787256118 
936490268 576451592 708494369 711599440 749894760 
402407294 490391060 102672348 978855831 776085587 
178509566 590549443 930633774 536470729 987959007 
319634351 423786770 71094962 953489651 892112224 
422561029 952457793 724620285 487684229 568726587 
653524917 737634389 573083331 733795401 964184561 
744126986 454029875 569201565 89553500 982262171 
678084761 538874787 379422714 698950849 797867844 
891837010 794105810 629912200 155789037 702694099 
963979133 806432942 84996680 219934649 459350099 
299720879 312968327 519548718 887148399 122859795 
642774189 204910455 239785599 974702857 356504932 
857262321 844895733 839335738 379394380 501096441 
968085115 332478082 875958823 857502189 347364129 
827826313 100735548 655242356 331461189 933467434 
13618033 433318985 72598479 631761168 77449579 
657427356 57707852 285490955 194818960 242651402 
841410355 831663520 920140236 643789309 984205593 
10626595 683959653 433996112 834591469 926895623 
213983485 216510620 502452225 526408369 454191824 
222042465 895733716 111797668 832349948 96715411 
239026888 391357246 851716325 440879448 901632663 
273724535 497528077 364872123 182443335 820119495 
751719788 128364827 195701547 121019078 565448094 
444947990 581008541 410054983 631680948 932502198 
967500481 963848889 307531135 743800496 319423953 
349490526 799883354 611942029 105311753 74893778 
666016013 508429934 979789448 688127681 558592918 
265042346 733161213 293748737 655216688 458066799 
696602845 274604538 154930676 887059702 87365255 
261813335 511296875 273349132 139098674 984481085 
215535856 111192411 165182589 901817500 956649143 
111882718 583273707 93851214 138538370 597470671 
786159868 374349885 901405352 576167217 276987153 
206324403 841298967 587401318 631727704 695055521 
327354832 965838972 498193116 896243935 768395807 
792692147 37818581 813460710 890746008 857382647 
329363379 272425620 531330489 105741410 835482595 
974519119 191193357 17848935 66997936 596631110 
692038588 441521367 26912497 474818329 969585997 
748158080 183072472 13723926 383230567 486968176 
684626195 274637347 18800206 354169974 731666921 
809109456 359357717 887954513 607541772 685667715 
707620592 974237150 197406776 706986923 989877386 
270573867 391008709 887842443 956013547 864906002 
454923378 790317090 536293499 841633730 371556298 
244967177 810621279 399764268 242132278 639968083 
415762884 826034797 927667927 325368044 960451174 
911769538 63409041 778224619 725350494 300321731 
855540033 633458076 829840905 644003379 420475165 
381714142 489925707 944646335 872218152 811092202 
326125457 663084049 413363247 676922421 81124348 
309483820 39522665 383663745 936361036 298830321 
761211515 316321273 342815573 213335897 928978794 
713432657 992711711 220342825 982767497 255193886 
598857397 428349603 371526522 27621946 103367002 
514561127 229140454 723065172 658125210 37796935 
488620385 433767083 123296896 363398836 759995859 
104443551 247191440 616530334 846703205 151793965 
458726015 62968525 88741355 886721566 86102315 
180151109 483871480 255125485 214561421 200306273 
412943334 400309766 317806805 751547439 61466359 
407174558 939972283 293286514 505017921 637305718 
131278660 338086721 478755960 10655112 307999517 
42633336 214608721 354179681 290989649 250322418 
904767149 972388699 581655795 889530356 84347664 
810955614 109448957 501261300 929070126 414255737 
308854740 297014872 630887473 303305887 474404570 
338939278 423622676 865896400 74218154 853964666 
385647815 29442079 17017558 413315119 597336362 
823946223 933680181 56598918 972846760 255850168 
13410622 209344320 721270287 9684938 200027008 
63414194 375688785 270859812 562260806 277241680 
652752726 912838723 629980812 936760035 56062983 
911388647 865506183 153612080 134562597 68181742 
861047190 459297938 830746925 421689584 573491382 
633911216 234473274 380592801 597884962 537942798 
313124178 683463907 647493261 824464044 333253250 
604822456 316732161 176364994 677556987 19935992 
367820741 511588397 518208787 491716815 94438123 
257953110 969013008 299631579 3045712 950562740 
66171299 873821501 581467698 388437393 370840316 
364238418 793806010 394678332 642557594 386772008 
847133803 406750071 737682672 205205716 230022070 
891710777 323453555 897449956 341505628 638818719 
819582204 938523262 418726005 196254071 222479808 
965720000 77118180 640737434 664999799 122147828 
891371684 119968094 610616142 985099347 774311226 
377415988 54347978 156298605 530400431 33316814 
174855419 315064 26335807 260576836 711743425 
683855020 557143784 136434843 366842842 952918715 
271211156 423428946 683346792 193435836 918299200 
892513485 492682688 643252897 316936362 188676282 
681694796 725752091 249441207 649761622 547847717 
553415257 286851608 192257795 485977300 574290818 
108584286 939149755 643151154 604208042 276790780 
427576679 546377487 301836222 992572639 363697479 
85909625 794961659 629173850 172195564 95036863 
849147684 523895101 463047515 53733081 534690807 
810201417 431347560 276038908 201977516 131617363 
332231637 686060719 24717361 33921495 704277420 
954760337 761810902 532187607 695452991 919270569 
471105544 806275965 207149429 919476335 617032899 
901898532 546662948 911011003 178127011 492275956 
511241073 288296863 17912845 49446159 588403788 
587285663 247609110 409488654 606434140 291277049 
530075103 828218499 378647901 290043135 458331487 
595887902 681368379 493848117 690266082 477325530 
584014406 188555748 153084803 660865561 387292406 
42265176 623391535 12831782 696484267 508867177 
875933364 394819615 416919018 812387565 582787562 
368318676 839261919 225312538 960444618 103773871 
977509641 818306601 39540028 198584575 216402113 
364779773 713179347 883075780 904246630 52792837 
579567594 437029563 917434776 798044014 483379034 
723543353 70912234 912207127 800234642 791402608 
956367472 616594730 821334664 656578042 504954865 
157588264 597628955 87194966 520211901 17844428 
22202002 332514742 688225628 21544486 194636390 
981181156 545962777 563830556 583940386 472786930 
504669371 449416536 351466089 113142400 42533606 
184538200 990082198 893935083 509743605 292099373 
382123108 274724758 420362471 631922116 750307424 
784732690 570243860 415234869 928485847 660525549 
618182641 929538115 683240936 274218832 35716053 
195528335 434025102 919912772 955671040 8334415 
502786807 690252190 455079303 137188669 707920276 
950518383 43338148 497667454 673247095 54328170 
690758142 97235831 509778548 903369676 674215459 
212284105 358325243 245102946 736004887 913580064 
478437839 246339318 796097950 574526259 225127009 
458038656 128813937 689010879 438729766 46498601 
958527712 753136342 165708710 785823389 329377257 
198832162 832156149 50786942 187892926 79799086 
479043493 111975198 310591408 466550371 495738269 
836678191 32944502 784959934 172984596 613767556 
867937740 513366059 518916394 787637296 208963087 
121657951 939155337 260226725 552237974 546179557 
576868754 773278332 939506007 599952713 736379267 
407769548 859405029 136228747 492044473 445586183 
186909279 646750184 343659552 881984714 286963609 
140191604 592259192 630954460 7817043 898876615 
96385949 497297352 5065285 236740398 570827975 
8451135 559406356 909949579 61967159 585335772 
435952219 681205519 505987680 819343790 372176689 
676749087 749841319 425970 62240997 162777312 
758752077 427375242 752069708 409835212 123808022 
619777397 711261422 976960368 195355190 801148606 
940642170 320102509 919937302 789848605 837501112 
913842650 82297038 809693672 254487029 659986365 
9435900 40004444 382385878 367002175 672347323 
117189867 319956704 403294818 697309063 703385628 
369948711 110790957 960536035 474270965 170781226 
565121963 642566716 319300084 753528405 159170631 
640182803 910237596 910389229 698655390 923715045 
456186550 633320264 267229716 727511069 476438325 
161934023 598024010 743206859 299162699 778264639 
535983031 437248034 693500472 75566145 381443428 
381404753 896552856 63392348 265122074 962287590 
320344732 21447282 646301911 628433542 770711024 
699193594 186210315 732700575 110080859 407938222 
35545507 297537359 240707885 982977098 650002547 
935360694 534988781 986897279 696975733 221305718 
964603890 538932684 380145236 693542406 392670414 
582883826 306162475 305577065 310577836 511382582 
774289235 741288994 805213577 584589704 410041065 
222302167 946958792 533587949 4929431 234075826 
99627070 340233894 20230763 341195339 995371897 
91232220 519029872 464380959 635491360 120742605 
44947864 208313302 599309034 431894390 479097679 
925819700 690648180 480011821 20997058 647034966 
252495604 700906713 516409309 588771795 350187470 
527035767 434032644 558813688 837958142 702317489 
117089593 236912286 998234679 998234014 879420605 
768063422 232295153 727824869 63704232 114144503 
147862727 209075644 357701416 441176515 44695815 
240082571 832528865 830487186 224761774 678141521 
518547944 834680352 731392906 656300272 71828551 
152865356 32917399 806444671 574150728 973484338 
310345565 359609847 733657091 489028709 771341621 
817263861 400883273 864491843 28798092 861014531 
536545940 748881702 9790252 708668567 217419446 
399222801 464401007 815443902 357917203 420655220 
509466685 306795845 758768437 907393424 440413172 
176693237 970122888 358981618 530595524 414959505 
213773694 478554405 623172870 49113374 262541602 
528075616 860119160 39962073 305334799 713516460 
605816183 633553105 945973043 668397176 305156080 
192064640 13602066 419974281 535389116 954865177 
4744741 724362708 972311318 846520919 410540558 
764355574 559373315 501078025 105261950 350213930 
110811830 416302941 506539610 553572510 386470842 
461331220 990498745 699606622 535350029 771748089 
430093402 856096641 737404794 922123883 576802715 
825805722 301125891 582857686 947254140 522804924 
696945688 719360411 152055044 743302010 394402943 
685206312 178272741 268425504 72203754 436111703 
537834311 921085499 213402362 893195459 108473113 
70281771 45708523 744551805 500785544 334320803 
414394764 851546017 423586812 954523151 998496127 
584431892 601320548 902694499 155041595 946477856 
893086083 407765612 229523169 42433354 60677638 
365379621 197295081 118180939 344416741 167886554 
458811075 172190471 698411611 984148762 19915244 
80858064 107550989 774401684 884954771 102870756 
650533537 541642414 609145811 25530738 73270610 
710166404 532837128 854379615 313894398 313624671 
694360105 254265931 623938901 25318687 750232286 
986743607 64160935 898237399 851692526 688734070 
354227423 448404647 366112885 113025464 191378478 
697708159 180764553 986007822 955337504 89517946 
257145611 811561382 790027240 845938894 292485781 
653999423 103596026 853634658 916052009 207923532 
695756886 42633284 152319624 916532435 261135812 
752248072 18764424 687988200 761295716 705332160 
18690005 124558856 270957765 234813 666655840 
12145393 659441424 630522851 862837886 17991955 
615235244 383585468 172211014 415424658 225192002 
330048287 499326502 120154265 681385259 672676314 
690195425 431872763 782629008 832872517 533348558 
25033305 928061238 953502253 747958852 472991544 
246181367 986193837 192482526 780932930 857734580 
578959900 989756382 170757091 115608577 673705016 
411752907 854958008 899615328 147764771 121471622 
771339018 694935462 255253638 626171060 633111587 
935732929 73397726 998808778 711693427 991170013 
232233168 331101906 716300595 655450043 139709505 
938840309 762978502 672458210 706935010 485919566 
830515573 903426685 853078263 127867482 357084259 
227097975 634838728 383239401 332458163 688033287 
29636941 546140058 14236149 58846474 384501761 
228146583 861547083 427377646 342090024 668300792 
85322688 21814997 547360179 805148794 910073654 
337841 934280195 760302194 446450246 985042325 
386394707 892343513 306038008 80567783 791254512 
797932437 189378484 493719554 74321518 805896602 
449385821 172537232 116494892 147950243 537215232 
84717792 751854136 414852223 191468275 103056656 
906649737 308422414 945276163 919439844 683154453 
397381298 174240225 841779035 902987114 118803310 
554662000 566566314 231701255 743618702 512236057 
850203764 358627294 626228376 566838255 458633767 
18282952 309186200 157309546 172261403 77865647 
638461437 865028004 508426880 109447422 60022371 
265477088 464597807 118807445 912894114 707457594 
464089334 392807017 481286679 86713742 451052237 
668879110 777043135 209952679 743335366 455180126 
690194589 898335297 538996806 978186146 921717310 
495131054 818226516 601608267 413197826 371302601 
598396846 186871439 483547541 139811638 915431407 
616923961 237623958 919311985 339206993 2945931 
741420872 610707809 957064270 281061737 859001953 
579297922 369008839 985049533 922231518 221153989 
797721196 602225096 546304863 385585006 433439626 
196428359 740264378 928336047 589482879 775793989 
48399902 369550360 579843226 345551441 89268931 
324314634 225439374 534956634 71715874 519544168 
592931297 246776271 295158035 386098911 380120216 
845916359 544145431 863341460 202769287 726381418 
631329998 834439787 785019927 790848654 13121589 
112195086 94802080 614441202 576316889 712893048 
817285112 338048517 320965328 723580634 523027314 
397469800 10377240 677261688 779036244 730635248 
98009383 321798871 993854213 695581753 647037103 
941603252 988155669 714841195 375909705 605664522 
955424164 776274351 306965411 337696362 475438457 
874772061 897697221 419454179 702493629 191345469 
111471145 346056662 332318637 231369560 516217006 
172192042 782503985 225363536 284514500 68488811 
113779200 848933217 964513628 292691685 177872426 
469879196 809115106 133062995 320439348 257354637 
897780812 570716203 153788235 326686158 195326446 
961374689 755260805 726137268 657960337 327326095 
778249880 141924891 508863861 697971359 140343690 
805628365 191342402 413026564 457065086 883741814 
669170813 242701738 211732289 106716898 434100337 
322030865 692310090 669824806 666497362 328434557 
603564570 314488173 657409483 668035297 310594545 
339779719 356314777 341573517 386050440 55670942 
494974378 785344094 447390787 892024710 843755869 
43189199 249723922 866650354 929439475 4015729 
987579233 2855692 583403628 6339120 54254728 
147268015 658027104 382699413 887771067 950768834 
869948846 707182243 639885484 489711482 48495206 
572378023 867345161 150779370 72566527 255298553 
58672957 422102589 160606654 993894822 893577935 
957203910 914719885 309315046 418108953 322132173 
17040393 481375649 546050919 875918982 171013124 
920892917 693658402 713180416 842684835 865873369 
124576813 359072608 230204125 902555293 167852706 
664443266 599135653 124650590 394848297 48734739 
136674328 626565991 228895712 924048334 985287283 
11265380 824042462 456044660 924115458 452020234 
100520433 66987446 416255132 871687281 747558920 
538603798 421266517 202558793 275766552 882154824 
189102615 682993654 141304417 455603512 436276937 
42242467 942372152 595485373 941106681 842435100 
130772918 746341346 622117815 771959642 248200045 
593251690 668010077 765607677 746890983 911719881 
2896609 135999485 585310962 313688434 170533485 
69645345 344536603 557346699 240990651 948745063 
819349687 412227250 561848672 758334411 757001423 
314453171 119725918 771587585 596608879 709403355 
286812443 882564043 879996491 747083723 293890136 
35821792 678776961 777426565 43235599 146328857 
397416887 612776268 59347733 753827478 367162191 
290149862 835633751 120659109 835076520 845838525 
558484134 146592066 251868431 459649315 616958352 
880734213 68472858 477663831 396109755 881664992 
616848629 989339160 7629335 618484244 760216084 
849718785 585623501 405376056 161888230 808138999 
647223881 90897610 988898309 279997166 980697387 
563763715 357103704 484100152 338471408 732832384 
895188241 584341224 178015482 306856706 249444836 
939567154 450195281 578660338 474512612 996302935 
312179113 403611481 12972323 96705170 846265954 
622725942 840859752 220752183 417005740 612502900 
461947370 890111282 490018567 482843243 901437824 
227895099 404201726 658796074 769558682 988305798 
650453420 239609456 355146568 942967773 89160901 
262724931 374751396 133469050 797324464 154117944 
921236422 299676451 266937845 55630038 437683372 
877215839 221692831 388107470 881767975 184641467 
534802943 626716027 83628755 14098755 656094367 
572390859 512099582 232291555 420340203 268109184 
152479272 777451764 282598495 934564172 451380052 
555188846 373399446 70754498 757445634 734313948 
76672327 18441319 473197192 668885688 472988181 
675078765 767578862 917301357 773420887 870110060 
337187328 430019943 675766098 912463359 335308365 
794425141 978016625 639239562 407254245 403549240 
384442376 514464348 73196193 180346816 477878908 
127231422 110703921 471243813 436993476 543592311 
326409542 471889298 830443017 774792430 531178597 
77566543 767831795 983058257 584579001 113733018 
373777484 441316727 666427156 486792502 296939568 
172388130 744454402 399247499 9368072 494506790 
142851042 428161512 549117074 399044235 466946654 
450000925 114296632 35191115 573874110 301447578 
246274301 484665524 501491203 540421720 331175034 
5103737 384400877 209276761 899543102 920309636 
184547756 919059074 799676632 709810173 150432745 
485665399 777528763 664564841 793947283 112021960 
540659721 865878990 38456530 858831584 434340647 
936657778 590000490 725666776 742305074 279816600 
936230370 265001466 662351680 309956217 647284098 
217922466 937083977 202084098 257387209 869976931 
53218984 254002865 597953423 581023482 287366662 
414306710 869305627 431907473 329475199 215970781 
339729156 798651465 901442795 729887492 934096017 
508663371 653226092 618818094 173982486 198456680 
370696068 626697593 57758599 955904662 279017529 
319521172 472182158 913408588 135373210 858822623 
540951668 252177617 261714463 283664857 887113518 
175723867 550315525 45716814 508069660 488721247 
334634447 596773317 324221889 74575717 316808700 
365855636 952439406 646148592 749542436 559702701 
644476597 944418445 757323785 617904592 260358154 
875587904 161058765 54897258 884104220 275689433 
323442238 969842715 408380288 243958314 167253431 
906818256 982456559 498011433 851072000 301370822 
160107256 961642557 866341188 589537128 300662135 
700155652 179182712 281918880 514391398 713291915 
248649011 362290569 323011498 74984708 505462250 
414425079 373948292 58152904 848375682 476900165 
652074531 799444177 185445277 578652071 668860290 
755325688 11200890 461408186 993970091 753426609 
322394645 155821183 924075352 395805444 771212705 
15704736 223835443 722525634 152390876 562095475 
138468485 497621068 189249137 817758814 509143938 
105404471 494187986 622555505 211698310 931131714 
960042241 389977125 482932907 616494596 300979511 
661949347 874508654 788815366 725551786 126106769 
105786986 299022517 592451047 233913071 27178440 
203947242 162840638 607445825 800794229 430504309 
177903834 469493167 192623081 345208686 695899990 
978037036 9560236 891134048 643486087 936885798 
698783329 467725871 475430576 545412648 655720594 
342798062 688569658 599506562 372665632 568345458 
55145672 34131487 568444854 696446179 31267241 
151018326 896994846 948223936 842731641 843229043 
597199739 453773787 856756941 556801667 794264367 
238820002 294418316 503648260 19849780 609164663 
269606466 892355029 530080305 891042286 529549071 
779071677 225899492 221681305 63632260 288422488 
773146216 563472328 147057664 84945002 272662495 
843221117 740815240 670745675 478834461 965186195 
735257767 600947732 343029826 256765604 591328479 
102644064 832301881 530450687 68968001 397492242 
479727920 132955812 71845041 407941217 799415153 
299531408 224319409 311423868 801459180 285957550 
610584055 586234447 147233732 302366297 485958720 
264023623 355362425 55888037 22430379 617840644 
766063365 585158708 666009078 613657099 321505163 
355931272 37481059 536886093 301186197 194949861 
106742036 521005162 982832467 663723810 547191582 
695513712 866417458 96997640 45198069 388323884 
469612602 336408876 380193767 374599025 241113832 
592486221 412269050 22572734 483997588 8892930 
699110634 785366683 448811259 912088021 498864046 
384850863 845455192 148410164 345690565 757822834 
170694502 595246297 364733592 745622094 627245182 
420358965 750867788 579059142 635627598 31126162 
235288923 83143309 799671431 660356610 352351498 
282311646 242651699 442050450 830126182 148559731 
857443437 276019313 949600943 788100766 257461449 
23763674 87231630 919979404 999031758 582993520 
406069663 903236003 774103742 399432475 285140964 
366221285 628621476 81115206 78745004 859958220 
345399935 918114957 300433526 424063309 885672268 
575706251 375584803 938051246 630396504 630918179 
580488585 911022236 241840372 392888521 232419512 
208406126 928059579 315371997 643487692 248824867 
421231555 505044535 249809362 217032825 425465138 
36506930 387887107 177003866 788017206 453099541 
453173115 404477074 237677664 935254283 919660787 
557860807 880462763 149229906 510485230 76049583 
799808072 966764446 162921423 109527197 776109039 
428111217 910173189 201921598 565164546 25256528 
777325786 52085777 904831287 201985213 756193420 
201400489 473101128 25946440 437499878 367404049 
639788007 40769786 841998910 67056058 946373259 
203837111 391167349 141961407 55160982 320784385 
29676448 975728150 348799775 994526201 322513501 
230947480 909664751 360927239 29386712 851995592 
300124091 719895626 91713682 24616174 400329644 
764984585 793928002 797030419 979109149 939704350 
523327423 678237995 588345090 946559162 749964086 
965557916 914890724 854091460 228859322 597549878 
6770132 175655936 497056780 403801430 335771125 
709895323 222426767 572365026 558566469 928221020 
808924781 245493889 951367623 552373078 895253018 
72304169 442598270 490903439 846053907 975297022 
765111528 149017887 5474563 569727555 982384816 
29382434 334299352 419324481 189237336 868329157 
529524996 366964417 55316612 979967100 998850898 
603975304 203172419 245637889 381483436 103852069 
627128769 141311396 986640519 567662632 93070866 
769711065 388001263 60103618 834535422 552646089 
559625395 887436687 41862155 118743416 695428812 
614415622 408985702 372713952 459676237 785687161 
512606701 462322987 544493078 687104340 194627144 
318613921 722075397 784522226 126821255 423047603 
287242544 675570169 727224970 969621404 335215325 
263910841 511975541 77880114 259540347 246731351 
737371803 601984144 985241750 861181476 554883139 
668827469 457241378 784751213 107140620 844087638 
293282012 628219083 354455285 484933617 610715812 
48176414 771136005 919349695 953874223 149847858 
973197607 639275964 406635680 211181400 42312179 
654319548 972568321 527107009 999410237 711061280 
552725190 54315477 816080889 860945840 514205416 
389059090 172308356 171967025 276075044 502137241 
892102788 892001962 832759279 595249013 645036418 
524771082 160860116 277673523 51086383 177284201 
9770785 522087310 561582238 663541592 859709817 
535814578 371923157 304214422 52269165 824257017 
374059665 930377885 913050223 107048142 262763236 
505626586 577419851 65553058 199805844 966714036 
583524470 664079310 250207218 885933994 226775239 
881926642 663307485 368769583 752199738 367492587 
405175508 571274043 355683929 692979436 224410487 
203504450 517073330 180581088 943382423 966118579 
599838864 451654737 223591223 636111672 631526807 
128561279 568668030 53337656 856906677 159406277 
979587575 516750698 158549052 807448633 453476557 
780973397 419327255 323712290 857490167 495752338 
819978388 592649174 371627938 516406951 404498417 
516935533 707783926 242517213 118818745 742194265 
986009179 849019366 406279994 161667710 677982158 
87441042 279302804 370671779 754153458 375843372 
349344048 687295741 377375198 272361367 545613611 
130174162 572614482 722779992 591580622 396599095 
773234529 447719826 365925968 842438801 915641849 
464379021 576095086 814472073 706954832 952674502 
194197725 337742826 555209370 487809039 460322916 
760224725 520420416 28739272 731920931 303345108 
658978280 539826051 877825550 599917925 596596820 
432606259 172010249 645311069 806578366 982299737 
571231795 646074793 517588218 825929251 544902707 
600141239 280046227 702776453 417242010 747344325 
971619622 80440051 212052764 244821854 429810410 
192894292 802920491 918239920 631634618 233123745 
180683523 521435676 230273625 507750822 716654267 
113829491 253688884 571128445 769364793 551945354 
658030454 487302195 148959293 761018781 632654905 
796129572 197083849 154482759 416806176 767118098 
759082473 125586410 47444512 136216132 226800409 
637377505 30474257 64918809 873823579 195000709 
533655681 223322865 997118088 322975860 829999714 
189018300 992981633 991466819 973520042 44416835 
109023698 123470725 305500467 82090414 234260446 
888619675 821651644 401833069 943527319 437446011 
413794179 550792334 637742027 345779566 738065307 
510044232 613517857 766396555 249040904 653902593 
69485404 868630655 4328995 730055262 909833991 
143668058 749767886 653238827 234827580 381945940 
89524654 206577811 280945791 947619305 568562683 
610171323 332967524 444216762 596692642 727126866 
738897036 360899789 627959929 144809810 851085521 
295770672 494285322 102815392 427641382 242750305 
122471626 512032421 735699145 993876675 123795949 
647566171 219930978 311232600 322800837 226620321 
581583315 671687989 826722899 12511097 461507644 
214185717 758052277 145972901 35271962 420706197 
484343299 783947785 60130061 91907179 964870063 
309679914 102647693 954892731 212863270 116346555 
389852419 225418189 331681047 103200668 278404504 
551148023 12120936 773699831 534695703 983651460 
449155110 76034708 152055767 846192742 182428861 
515292173 946854213 214278685 782949739 87225893 
429917783 532886961 17812425 182593739 189793795 
950380843 262152970 310297412 850082814 565873913 
891595446 924042533 126220138 531516770 911877191 
89690148 697364130 930640552 509623363 893774389 
407086124 892426118 655153505 239994001 988109225 
910382452 175392540 901938722 461409411 133208541 
115391064 512902591 23929810 555772138 113170174 
863458915 121347961 112385984 314657025 616861551 
568243945 3758673 705740876 851764194 823112633 
878569779 345588003 21228254 488876803 66881905 
22884653 120227572 791697264 130359799 772175073 
477670446 294128354 116674807 27557508 839758599 
485304722 264887141 106884178 93051216 350769041 
620431696 576680527 462411632 444525287 928008069 
450372517 567780672 103448683 965596951 976093018 
951558069 970268030 706358239 693218918 573802685 
430308927 297972029 362036283 260981559 909643571 
323184210 34973309 366570558 545278475 437753119 
