235 3 196 2
70657379 728659381 720664852 
18123440 471551828 438344150 
106894415 348451569 860950019 
169004124 330795430 404681341 
527751791 574366986 42216952 
41358074 831039003 968356199 
38381827 424281336 151169765 
175987379 403168666 225727390 
311772834 221893824 725677802 
7944070 99164440 113943868 
42123629 875034056 764533122 
796265714 438233988 307360570 
98440801 888596174 158852580 
204752328 444519119 816761441 
807926977 957908109 222531577 
136589329 87872824 25415184 
370875111 855128344 489926330 
10853262 109331530 308590968 
706458894 630812610 961793001 
249057440 817817129 996173016 
311706679 970877490 114955675 
518866323 245448621 921165183 
239051931 82041860 255541165 
222529270 247747882 400677210 
797780913 85151894 917738345 
989148199 1874961 345293564 
504964315 796411764 649813860 
524974555 934765051 260554991 
261865781 186267136 792194822 
245828882 179461441 774125447 
114306478 471981621 738746026 
524331215 845494564 475414949 
859099491 841173822 146269510 
264383331 753702396 288689368 
753595419 241259282 331616536 
395055536 259363874 798660854 
326077083 576182015 781471926 
566540572 846188145 562440331 
662600921 969765754 386341576 
658061967 491266397 283339374 
293695344 222239966 259581388 
525848530 753461061 943168380 
888101692 627505006 361256295 
107762492 788680613 925498517 
613074622 18871621 810756660 
566178837 448125294 79507104 
817229984 313397855 770671691 
255004673 598760575 750781608 
619778706 95017594 434925705 
119381828 336225831 116654348 
910455418 67531971 312613637 
892405829 346704689 965524011 
336502425 187924724 834454619 
986366586 831551179 175624022 
81822785 412380090 78330657 
203002523 765174879 347727252 
716128110 145032028 560719361 
811749152 61628 508511295 
916593573 906396674 127696389 
357852901 301388872 204834467 
665534318 3769374 982197408 
320964790 701791304 558651971 
608599191 350412799 220219303 
249649841 571668127 263582340 
270895840 443451793 442543723 
830288514 426042076 385340586 
806207730 476877812 714325932 
222215616 582210351 94729489 
676383112 338310697 3056175 
917760738 403488243 162813107 
168057485 532262539 745594368 
469379604 248701928 121437661 
895246571 187885377 419434777 
505377040 312011582 282512791 
116065255 380263298 936997550 
513630790 840485033 395502831 
792511472 376493391 804206869 
643880099 292756577 681887441 
897871955 291134137 661593788 
36193902 542006347 835366937 
126030687 933605780 16187448 
213723355 649180749 692611633 
971555270 438530869 283080204 
841843735 735371811 699962025 
360915580 145867755 412167916 
757637395 865651590 821169340 
846706613 975967126 12545309 
177427494 802795701 945792222 
600416712 655178975 59911817 
229727940 757537664 724010771 
557895579 733423098 755376671 
225837269 501251912 346081002 
876665942 201901374 713101029 
832461780 136521152 339755305 
513893120 377732505 561195472 
938359716 879376797 952112408 
68868679 903401235 786397554 
786378066 184866428 183510047 
571972589 88694308 175426187 
183121270 536891313 607857541 
410740529 58902058 311149475 
356673283 238242600 168880075 
624468807 302381343 6411792 
11806767 940149142 394115374 
765522046 25874309 643219754 
600727263 357495930 406232656 
736948897 300295816 34618187 
899880956 470282483 162397539 
883556575 344319076 129660815 
62343001 505401249 99483879 
124958213 686110014 551889245 
925805217 363500809 259601951 
180774139 441177856 412731642 
455181212 645277904 31997963 
329736122 650291312 145487829 
834392395 767849922 141532787 
106992557 375496679 358309124 
41405657 44557703 632849983 
21647163 300637383 642925041 
439740123 963769965 465047093 
299201116 487645506 928194253 
184981324 270554661 523529050 
848751818 266340627 494521107 
138091270 60425658 208176213 
359141192 145550179 208263499 
497961899 831269266 600518930 
586639335 495769886 487247220 
113436432 170967315 431102929 
340520624 448910670 807337686 
472842621 973638701 956914398 
854155390 678182479 507458871 
995145561 147947406 148946855 
770376846 136569874 978372941 
601312406 199586564 451643124 
557809953 473963267 692162063 
480103419 888419106 10110145 
576462951 935179879 400593204 
840929441 92173368 429879969 
186934899 187403225 832717312 
192077858 560730480 582071541 
725785100 886623978 60305695 
389529903 612203244 780870739 
613404394 838300119 862531740 
712802925 406095393 305993108 
8098102 536482829 671382223 
866450652 614391311 415881086 
477115689 393152964 14500667 
448623238 946999518 699827082 
211214119 142485143 125988063 
924024721 624484108 738143128 
893609046 689775250 627190129 
261534549 419491797 871358453 
272282620 835249205 377805418 
785934551 440575675 546864484 
640756605 768728102 941824831 
396795044 572521768 782412738 
451560464 181943229 638011973 
115522017 788429324 561848018 
219511309 462194323 255726613 
827778427 290187474 46526719 
694459867 909682655 364440667 
841891526 67525598 101325208 
490214243 884967109 324525611 
2890515 401588019 375213303 
669992414 92018416 729389418 
362355992 738806394 603016670 
761074758 162446348 214587913 
149527714 481911446 413444388 
26672972 315057653 502214259 
427297268 64708938 670359180 
676644874 733907912 352951197 
156432330 409387237 501059426 
356024059 77463530 252104448 
758908850 357623441 722869432 
850259571 310235915 982320419 
219793478 507317090 712570236 
120281183 730774892 144154238 
891723299 368035472 295562619 
71069505 40290996 341565239 
623428818 347411342 759911859 
415627712 954017115 324756908 
238120878 229211593 46322050 
892483132 772892062 240905547 
470111200 120651689 20409176 
912933467 285953027 636305685 
309701180 190998578 360436058 
744023962 541436101 720192753 
388110678 800159228 443736402 
259261904 441646040 255871495 
836961560 3142085 26307992 
140009688 43299995 233633260 
504933863 221115837 469798409 
388155781 125341472 165570824 
103437095 138330831 495625513 
758345307 598293747 908209617 
568808161 120080814 225343850 
109175587 967384678 574114889 
795252127 318717723 765443933 
25642135 360604587 662630201 
715351534 731522921 576782390 
430420217 833143106 421325300 
85542683 186630743 363759169 
286552543 691107095 863926214 
491171806 3047974 523418393 
28465159 628247876 302871030 
11749882 18835457 695749305 
408278043 125491859 608115874 
49582559 951628974 409547577 
74096361 308211898 283678067 
884541909 540193593 197307376 
814510335 957687528 846105369 
316137445 240210142 599051450 
962466083 474063501 149962633 
408568340 702944625 323501165 
495026669 825244072 408666346 
700071736 559889332 152943968 
420744413 789796229 524241628 
578161202 210602966 543151716 
857039726 780016921 799212643 
134028179 318530477 983683292 
123387874 63883704 109827021 
173361747 393261617 687780909 
924788073 640739112 920503133 
863443456 129714301 284818847 
420943157 345301777 701011807 
422203828 792575418 713136634 
315467950 843366638 520290206 
14387650 646449070 249213047 
516267451 940232434 418142005 
637707483 368855114 105859378 
408519456 804230912 237241140 
372725945 685219059 740947795 
207624757 378254482 645753677 
514821419 103759998 611174298 
974459969 489779329 708440033 
