95 12 59 6
75 40 10 80 56 87 13 24 25 77 29 60 
95 11 27 76 69 43 44 68 93 17 32 82 
69 28 30 56 23 53 59 13 95 0 98 15 
47 60 42 19 49 48 24 89 0 3 84 6 
27 35 69 2 41 80 56 65 45 33 75 94 
70 79 69 98 48 41 63 85 47 100 68 99 
30 0 27 14 68 67 34 14 46 61 13 72 
45 60 84 9 27 2 56 90 27 47 42 47 
16 2 30 39 53 44 78 85 30 92 56 86 
15 91 55 14 72 59 71 7 63 69 48 28 
28 43 26 53 90 97 76 12 60 0 85 5 
59 6 53 44 62 31 51 81 82 82 13 18 
39 15 20 88 96 3 42 100 65 64 28 82 
19 75 17 70 11 86 29 22 25 61 98 44 
14 84 25 94 16 53 89 8 71 83 65 79 
16 22 41 42 38 58 15 67 26 11 84 94 
11 75 59 94 56 82 57 50 27 26 52 62 
67 12 81 71 52 12 9 55 4 90 72 40 
29 41 2 45 68 36 65 45 78 79 0 54 
74 58 79 40 3 49 95 54 87 94 92 82 
42 8 52 93 50 92 21 53 88 56 60 37 
20 4 20 75 44 65 17 31 38 9 88 0 
79 68 39 65 98 91 40 56 98 67 35 75 
31 78 71 100 37 10 43 90 1 82 94 2 
13 77 91 43 13 55 84 10 46 62 18 53 
50 87 52 19 51 45 63 50 37 1 84 24 
77 37 56 28 91 1 85 64 29 24 60 53 
24 61 57 85 42 57 91 10 97 20 22 0 
75 83 75 26 99 6 87 62 40 2 1 45 
30 98 78 94 29 48 1 27 13 71 68 35 
51 61 66 63 42 21 73 50 100 4 75 27 
4 55 49 7 15 51 39 88 14 92 52 84 
43 25 93 21 11 65 32 87 43 10 67 58 
39 85 5 49 2 32 12 47 99 75 79 22 
94 9 25 23 60 72 13 87 50 71 5 30 
100 11 18 99 26 97 13 87 19 32 4 40 
21 41 27 82 50 21 18 20 42 54 21 4 
80 39 7 84 21 25 80 82 28 49 7 18 
0 12 16 10 29 16 12 31 54 22 42 38 
16 57 60 73 28 72 25 9 3 51 58 72 
96 46 29 79 88 42 88 27 70 80 80 34 
19 1 71 4 32 16 37 61 22 11 45 79 
60 17 65 85 12 22 60 15 74 36 75 5 
15 2 13 42 67 54 43 66 45 86 32 1 
71 9 25 23 4 27 0 28 21 72 69 40 
43 20 75 28 64 11 80 88 71 93 58 21 
36 79 15 98 36 68 23 3 57 79 53 85 
80 99 99 78 32 58 97 18 19 40 32 54 
79 40 35 99 96 37 70 13 11 12 4 42 
16 86 13 97 21 93 81 61 27 34 68 83 
17 98 21 45 38 96 78 11 91 5 41 28 
100 65 57 80 73 12 51 38 73 48 87 0 
85 73 12 6 26 34 74 90 95 27 42 3 
1 90 65 68 4 7 61 56 54 48 71 12 
56 10 50 40 72 28 28 22 64 39 36 30 
72 71 35 65 87 78 1 92 97 61 35 60 
97 83 14 93 15 22 37 46 87 5 10 71 
51 87 43 24 68 76 93 60 47 18 4 91 
85 97 69 36 16 58 21 8 25 89 61 51 
80 0 78 59 2 13 73 72 6 1 81 48 
28 93 92 71 85 97 58 61 73 65 54 28 
78 34 38 73 69 30 23 68 40 38 20 17 
48 58 18 34 15 73 29 13 31 99 73 96 
78 44 59 9 76 16 13 36 88 63 28 54 
14 13 34 74 73 40 29 2 50 9 75 2 
26 83 23 50 10 84 93 11 0 45 55 46 
49 40 81 95 72 5 43 97 89 69 0 72 
6 86 33 57 66 9 80 1 64 74 72 53 
30 88 87 25 5 35 8 51 20 82 79 28 
94 3 66 68 70 21 22 95 96 95 55 22 
39 47 84 78 9 94 42 77 4 23 30 59 
54 65 42 85 29 79 86 37 96 89 15 60 
48 1 63 26 76 14 56 17 16 39 33 30 
13 62 70 4 66 89 69 17 61 30 37 22 
95 43 43 94 18 83 35 60 52 22 31 21 
30 50 87 70 75 15 56 54 90 21 0 1 
98 85 14 91 51 50 77 7 93 77 56 46 
87 47 7 80 50 62 71 23 29 12 48 38 
6 23 68 91 71 96 57 16 27 99 4 17 
44 97 20 15 90 4 47 93 73 83 82 71 
16 56 13 77 70 27 0 4 50 46 2 11 
96 78 70 74 50 62 39 8 44 13 62 54 
29 61 25 3 15 10 35 63 69 85 28 46 
30 7 72 51 75 90 54 10 10 67 18 74 
90 55 43 18 42 4 48 46 95 99 28 79 
65 83 86 1 76 94 52 59 16 72 57 2 
32 67 14 90 71 49 43 77 84 28 56 91 
33 46 84 69 52 61 76 59 0 32 64 6 
26 91 58 17 83 48 29 17 56 53 23 62 
65 41 40 100 68 77 39 39 1 100 80 95 
21 67 32 99 27 13 53 73 30 18 89 21 
91 66 64 78 52 49 83 38 98 64 47 30 
96 54 32 32 39 33 12 57 0 71 38 9 
3 5 85 37 50 87 6 84 59 63 71 30 
77 9 29 28 75 52 27 53 78 16 27 91 
