888 3 804 3
287847581 6856555 331742058 
544065930 5110066 970854187 
400924497 211891979 962538782 
818070213 476169486 737818816 
691722354 735562182 11946757 
963749897 531125863 198776000 
161040129 111025890 743780146 
403879740 549006402 418160948 
508698944 804636909 716678811 
650544477 464503515 39285417 
782182600 352640070 870365242 
962946732 565183408 215212368 
533768187 579029756 534960801 
988053411 403564660 903853829 
243536155 285245495 327760119 
652970578 625874077 97314659 
372682624 733807593 698400560 
335977628 405253647 713440320 
48129411 254319077 859425654 
709258657 334988406 111196117 
263808512 480744254 494651498 
718117150 852119957 841757381 
843637499 815723311 445271681 
968073218 968785453 268150390 
869759197 353081473 687886699 
320152662 982289941 520844463 
657204836 22151933 765992189 
95420048 353946241 231560250 
709654271 213371329 257606076 
966216919 184242805 357781333 
105734191 722377789 699974296 
585021917 877306580 283599622 
709583885 67702239 882024443 
333984377 171877891 957785323 
862463653 595988519 31425188 
891514220 72391599 399248061 
26649138 314319576 799313500 
487850642 907407166 540843398 
790231614 135270142 342006281 
555876740 219546049 641886078 
427889033 222413026 534723657 
427256115 196719953 134300037 
5687947 781907444 663768244 
785330384 978960848 811365074 
712948140 145625174 40102732 
332657401 333978463 680028532 
709936206 354619635 406012756 
157431012 462938874 658193704 
360807759 327150868 599997521 
732225251 389223634 609400163 
820310066 187544711 266408868 
349799365 205545768 314480555 
481060577 215177332 951342884 
427535260 514395300 177899642 
110541845 194503971 177071440 
193193941 110014668 998017530 
459014825 590598576 848795187 
50787298 885974358 764025214 
385932526 355747782 889679109 
396692911 38947929 63454883 
485734241 290305828 204998238 
475340068 947592919 284741525 
255715410 960465808 282969481 
191038224 399571984 128200273 
457941812 709291220 896329439 
42000661 788153630 511557811 
279166080 201705771 541203216 
560716559 571445433 194282691 
406506253 417655015 558948154 
95859422 589970297 26223917 
469635840 105048616 480014848 
710091189 844677129 221480937 
10153764 886236093 348633977 
208339460 259231379 655306797 
875713784 215902485 687456718 
552584850 931567160 938088091 
537316887 36510898 566453176 
695274130 399462094 771370849 
510453991 649307764 875458873 
830981183 952469096 540769082 
539952892 157449326 281514339 
162439048 19528736 635948411 
149414508 111149696 612444503 
617940614 145549719 690777579 
731645154 194931002 849772394 
15993439 753661876 286979797 
944761703 804234274 5135352 
261057260 258978711 593543803 
169073238 403378751 657959777 
593095871 990870268 591137341 
451005631 857100472 618746825 
218683195 408062536 941481109 
532605149 354115420 978172227 
315679934 832784534 676461021 
294402654 643882464 987013770 
761969363 651405707 992114370 
875049747 385094601 42512652 
577924539 885273006 10457574 
37023110 739683603 628955289 
864581831 753334204 959505285 
224015507 914375066 722250441 
866075091 647608933 483771961 
819514235 592402720 534716872 
138191293 569557244 298039721 
979683812 614873122 792988897 
897769882 96192692 237011085 
382559363 727740009 178431245 
476810426 489726727 199426586 
643108816 537557612 280111980 
183185261 409940113 129820039 
14115420 546233085 457332125 
291491000 561415766 87942291 
727453164 977791629 361363702 
787551586 908066397 936242216 
694570682 221495752 965421721 
389782054 12849954 743004007 
628200067 174655254 144516984 
852113128 860293660 79278367 
88969508 232502940 245080358 
614971393 685673090 337959305 
443800843 579289300 452557284 
7897926 933744145 109658791 
279990009 609298436 659683218 
598732615 141922520 190673830 
593670415 510403421 142389725 
140360081 270668630 734671928 
791026446 188607683 813085618 
915122534 268426683 832799639 
981199509 21830122 702428569 
753909449 646016548 640412712 
4078355 835517316 723815053 
539795498 627349911 35374297 
554034205 18921960 757766688 
561307684 289406224 812516860 
341282974 405952762 256219105 
655043878 245197482 47046321 
232718983 891754099 816334787 
816856962 854320524 853275814 
630961175 205552867 958015667 
351117872 636426321 419572091 
450180155 858860175 572739770 
434282681 834018785 526629894 
123284932 778069120 167397671 
708310457 992930891 508773247 
392331140 513697330 441939686 
541268175 586573391 690552157 
166779309 538794133 709619847 
767598078 80221844 186538912 
889306675 590555592 584195067 
266973042 901208295 494339090 
106443998 458638119 168219118 
483315711 373239130 983569983 
876197189 555018571 100725313 
889076732 970865432 963628905 
410710708 604273899 967331223 
263104739 18032846 364514090 
4386168 675199187 345151916 
800145611 672359293 747530156 
654013796 606693690 999178496 
534888764 93039916 915582119 
804544981 210826512 314065219 
937130127 790592805 684742104 
978602338 240860845 616847504 
504210097 183633356 597611934 
288735801 933826285 46796578 
430376031 257532020 774736659 
899459314 307982174 717195234 
473732849 763079580 129430943 
414972613 488020738 57709050 
49349 739219828 246415414 
44622396 861281361 336948230 
845146135 618824818 654113499 
403840908 134692186 301535877 
854167675 188039178 639073996 
630102288 145688917 484741091 
112672240 4784267 436880406 
836002007 452934263 884377330 
749798331 403089967 959857361 
47965239 298096342 314835357 
668525258 390044134 166705224 
63836670 114318053 306226164 
241818911 43928346 58624556 
279168968 316883557 412301597 
361584038 762156644 662782007 
505979497 528209367 401724203 
284046011 546465217 290152074 
224701156 192140426 232441182 
613076204 214048205 862611689 
56436145 4903096 543602447 
614830167 624185064 33400241 
556312050 678774786 777255131 
402184018 375907616 837652779 
417197239 274242341 196850383 
776121220 41588575 732106769 
104211717 579846842 376330074 
27507295 703595180 872401836 
350722995 340950518 791379817 
320544434 217538197 300058440 
640502077 883282871 143058822 
696982432 703665846 80614971 
998384814 204550534 327156437 
675674843 210904983 674626691 
228570055 39528231 618199168 
343639025 335468444 656671882 
137290884 746233035 180218694 
751264905 4878630 860489130 
557857774 549395645 854596393 
747750731 290226337 956896846 
860518095 180744758 294735560 
142259539 224149585 358658884 
624809285 595657364 7982738 
899562047 768741571 732394002 
471421577 157246961 372521697 
603865665 763443021 213405507 
494923669 529961608 836171317 
593633109 83982535 162750067 
712325802 535199980 518805224 
168192464 603728336 551586672 
588776025 994080222 699555517 
865628571 829083593 266185851 
232475663 26630346 782051889 
842105544 185361324 988731378 
300776910 820522108 934918380 
108250083 298828504 411725269 
140781643 582957366 279825505 
887440426 891942241 735262479 
425637453 785468784 712379453 
534204031 161514227 809929512 
202188186 793065275 989470258 
512631555 738858218 193617912 
105064142 735502130 829640953 
516531039 617650578 178457301 
23979407 104015972 265513736 
28589291 694905478 791771555 
566343561 759258032 258034140 
932477083 194345587 376606187 
172978347 766524265 940371130 
279648125 269797982 387074517 
624306587 899432100 494251296 
721646921 356057789 397271045 
557119169 759015175 599416859 
153037439 590414432 650555457 
720962354 490816840 267136823 
486334356 983304521 567951029 
985011690 249926982 17669947 
495038542 934040768 675763371 
778438037 345222684 729875205 
313206065 163449692 533369584 
455842283 576491373 784669316 
199426290 141982251 558280105 
427997511 220637285 87389276 
761662079 538475338 938053646 
410232384 736777909 236845866 
697703113 354992279 141955067 
4232462 826095597 652176649 
515582531 24975942 278213624 
166190542 945142106 997462386 
221544073 126417876 77755923 
404437219 475945656 171226033 
812418279 904860645 169524953 
343391831 919332057 194670660 
741988797 690765133 96433703 
963598925 277901555 490160169 
952015232 301324322 728829449 
806639739 624107948 625776376 
303219462 597895189 690987434 
918386317 64948656 617163294 
211414692 839268197 552495725 
345401138 629065535 617495597 
975217778 49761339 351175647 
835227464 955560846 189499714 
910935142 320724682 293983203 
615737005 749668955 381397224 
209879866 37159083 519253268 
247388972 68402134 203576512 
526741697 736459937 926605751 
908713570 85676581 372555401 
488262872 504637001 685621670 
575975006 103597245 528314182 
785068105 48220177 493039881 
916681876 55460745 407948940 
135365039 256104851 730351977 
105258783 398094952 969449775 
612616651 406491654 542537491 
552458733 384863530 568108242 
30339357 612312822 382552175 
257141573 75584767 675237190 
521626579 464006291 930930669 
904584664 833177673 182998937 
187443559 126978621 630601300 
300688542 536998865 82873265 
407544257 424666076 997420428 
389312797 602931221 863072148 
505072401 813342036 96319955 
722455134 887346076 328025058 
478571156 676299463 263463985 
460279624 116422909 240056442 
637885488 860138770 724387981 
494505024 473358384 376994272 
992952648 497082155 238556272 
742909435 486483874 457189287 
787889875 502917550 821921718 
257871451 177879697 543075972 
630386285 656617193 523939390 
153719256 557962855 313301004 
482478357 671301671 454244329 
614651984 959093822 450828900 
178248297 853300721 157847859 
657230742 680894043 455642690 
423353599 585351425 623781639 
841691408 646196892 529471334 
53645800 455717252 304806835 
997874547 549415629 555834751 
951666288 471912252 633820421 
894821467 567878526 282312501 
508429754 467182388 921750188 
984673534 271817936 114371285 
826134705 17153768 615839572 
5754758 285906763 870347430 
758207586 84987921 550373855 
337092233 41540602 55563434 
689711631 50698219 958587753 
61672182 367570492 89802112 
492742205 461039253 472938646 
858922550 240624041 644278012 
748643338 488163072 268379623 
746363893 259581572 787593896 
32285680 600344886 897472561 
9722765 814036830 257106516 
749575378 794484495 60306031 
363077288 314701441 948821677 
520688869 442819097 568530166 
649192827 467216112 9705296 
739065928 571798651 575747626 
429759570 41654687 171117989 
956416754 642869135 667044861 
653612810 915683243 591290527 
51514825 590160043 159313962 
958049504 254749340 965918186 
926304339 267309949 373055424 
902496013 38754229 905183537 
948669755 362791350 318309483 
916611461 500592858 997612953 
483569116 865662733 231580875 
883629315 626177892 523623242 
405926278 267899886 309977241 
328632574 498265368 185196366 
944397343 651260366 253091676 
27495689 505880927 344393707 
589722597 114009524 704169805 
941102880 414718761 399674707 
281592469 240659049 87797055 
979922129 524918567 358662007 
419964686 989464928 59452607 
840455521 973201399 803300277 
792908786 803418326 218181846 
172636599 782549424 613609741 
871980081 794026613 927222495 
508820100 521696685 265894226 
582765518 958967177 154090302 
909372866 835891007 222356542 
160677890 91800379 516326265 
880880786 77177683 342644467 
341878190 240720626 794124820 
762039975 797069496 603352594 
594074613 71843069 228983003 
353014338 750437366 780453494 
502413668 780626485 367328275 
49084295 89683417 597421485 
496337094 736187998 815070430 
786577823 943726492 108911950 
595193094 742329403 710649512 
350823751 355984890 414689716 
335942365 509564057 757034770 
667272765 398654889 465054376 
353866868 867653428 810587424 
670132378 217827495 777652459 
155206231 524050935 382694361 
535350661 284911840 321283540 
883637123 132560597 538170812 
844101233 761694963 901840426 
767105807 254564356 782623129 
329833811 33890914 543788196 
997774149 622725461 546140877 
794292979 829558385 980754047 
863474079 438140096 929239086 
298437951 847493562 506070124 
457112697 852233073 946910984 
921499583 17682698 834360578 
149089741 666438162 67876623 
500650833 716117302 692730405 
105622750 345244940 905979025 
66828019 593809116 315603155 
657909225 466672567 473435876 
3629614 126850936 974844128 
715487269 939975594 445530871 
153712030 245962012 387998207 
930362084 135661717 545978216 
489106191 7284266 277758569 
300678025 597819951 389859662 
760126537 205474674 806524054 
455818628 574299269 618778443 
160537687 381980056 108079150 
74709662 661097420 968746479 
550392317 142710102 310287312 
913254078 397724294 162688292 
400010095 442689722 558267300 
855650202 360426629 385906558 
47991005 365477474 596857200 
321192945 893663843 210024286 
986217973 476970905 374231176 
709757405 988893605 75229875 
621554651 526693720 209252736 
95380459 558259151 319334846 
306397185 92100377 78591432 
803684864 593581545 204470673 
494090297 646923608 385857555 
405037935 710989433 165368640 
189335349 625348197 345969839 
244229300 798756996 389442750 
743524094 623227029 655798039 
270249893 576942977 650348506 
683620946 87874557 842538529 
741709161 685088666 337629156 
136744664 461474563 828726456 
369115943 424735922 785293529 
898313464 193575665 454413430 
157744953 653817592 198407574 
899748010 53279466 687782239 
905835246 851616041 311028764 
761898409 828179193 708449076 
24346421 391650036 776282470 
698650975 415534394 39137836 
703880328 27006561 865089394 
383740428 924486947 39093672 
374095333 779386223 872167011 
248911085 309372914 765594200 
579041163 455665023 519714442 
624121418 788006174 979889805 
88643671 912781047 850597381 
128596243 764156119 9790679 
210086766 209650085 168530367 
615178405 717538162 224949904 
404872214 107105488 649929424 
976850033 917480014 306177481 
752509517 184267188 537944970 
978314533 801764741 559805340 
328799811 462337455 294693870 
484171023 534798344 144269219 
897448134 248437309 655434282 
71466287 91122972 846531782 
128664767 994426857 24782687 
190136825 806903535 713334374 
728349151 705961100 459074800 
998941095 723997882 797407946 
761755238 300465082 220497334 
265957946 121762328 787707513 
174805605 510155717 11489499 
704153644 422916926 281788337 
996721784 327322290 267960534 
76019842 537559205 576812239 
688666638 849214398 960825665 
323105966 444037263 18759798 
887722995 474162808 773612142 
25572838 968661552 636144217 
113597780 276951735 726511801 
953341464 921662438 252623939 
14377255 446252566 611949531 
671009345 904826351 960590011 
282762985 827386336 299098649 
685680551 73183830 596133121 
361542128 836168353 38481932 
502987129 420239719 992948491 
999690201 705999650 250499017 
934033648 897569911 521960142 
376178441 918490608 860646612 
981827493 905447876 38191011 
331799167 963167211 519614795 
966289690 939712588 596235480 
181969854 271684295 582715456 
958948033 308572624 538762492 
981519574 440665622 615503579 
725663300 836199923 990435340 
643156482 189770138 371119531 
893374124 770471663 126860728 
775895735 935511726 343236585 
789735977 934789853 728095970 
514483941 869566556 957778406 
682090391 243397223 899652563 
644290989 7909073 79257734 
979878712 838681744 900192940 
882117625 130637555 24320358 
138444406 782401873 434715513 
832409928 858330691 522691859 
88357178 223435181 266612168 
425703958 921824770 534326884 
983620047 683838533 701826872 
939130151 699311593 154383841 
281796446 523296081 63740988 
271524280 175620256 437077990 
172218106 755591601 879517469 
180705822 236941459 62787977 
990404049 317566316 767892423 
756630891 92135990 302026875 
582317128 92985836 829644289 
712525101 226856755 384894576 
559334152 218910366 154266525 
50118218 813695576 262833695 
11645932 835484422 536066969 
397577987 578065127 582329327 
948099850 359443174 628750929 
116119692 328424054 143201778 
569124247 20773161 862947908 
851760656 186318328 871192975 
30707696 225067619 966696204 
761856491 593831717 905649337 
110826269 691621510 273223016 
481178157 549041787 992381694 
575565720 150693161 427558698 
341461286 739182539 179627674 
408857002 693638124 425027340 
703864079 667656218 898801091 
342303084 470569668 677775387 
951042142 318808775 586431591 
981277722 495030013 409397317 
169505918 526345481 763093565 
461835817 379010158 230374891 
969782783 676239437 167213497 
745051585 792343419 926937975 
248270427 488369179 353742668 
729399006 790214946 366806299 
462010842 693278657 484889589 
387668732 181670250 286747384 
852168468 162641179 248806066 
707186765 804079763 796428791 
266490852 154275101 402214421 
106368105 74539201 817921802 
598622353 536506765 358024557 
505666089 379298817 201687681 
630551918 713681141 760527851 
245905856 583536318 315747376 
24721381 690353118 73805384 
611722790 426268082 420757078 
315335285 412687486 743494922 
771877031 613659576 981320748 
952266483 26491050 987332842 
618314062 340692230 479792750 
603407062 367686153 291478465 
132070063 156169958 240093184 
303962142 296209611 508611310 
289007443 96470227 353969040 
216019141 73499954 453931323 
180178418 735231341 588174956 
14750230 212479738 285602208 
886111999 813647971 687821785 
601353375 925049089 916217103 
820955908 106816034 945052181 
368781382 139407550 669941356 
722358951 2301580 362816799 
84100597 123059523 531771281 
110896275 25337135 524442739 
289833478 280290881 124694820 
236632346 924811256 838658939 
754621474 363917691 465604830 
762652901 765497224 904011240 
408892019 331929281 767196635 
876534336 106501616 45720729 
464293484 816472042 110079993 
907073974 642262544 544318514 
806883350 192452910 471824975 
813361076 332137674 25102203 
679602641 162184995 184659235 
984064718 943693890 2255064 
832672497 631687335 282664824 
378811672 413363663 992977811 
311080686 989584449 201619618 
303132840 457816128 210898279 
158479332 515753814 276818149 
102471918 808291079 491165795 
441356709 731066550 886201886 
14764816 495648199 964990550 
90198061 320110193 354378085 
663858428 539579900 808656028 
403977117 911844587 303147029 
397740306 539981520 649315228 
438549252 424802539 615908656 
109443520 815539624 885698831 
646779472 807529728 284732812 
9180705 165199525 623258661 
468559895 917468513 254501542 
970406717 120746238 655650337 
949825044 465332748 624044324 
434817732 242776450 364543346 
914579779 336936879 958425383 
471070327 406934671 55550833 
91450527 969253039 968846483 
410411550 329437723 430548584 
344976465 581334152 144428897 
221274749 994959626 292623179 
114404037 692602994 551909139 
215723998 870086507 312870955 
926445630 803068243 116725216 
387852852 870767215 825833326 
38622948 277273219 656896752 
278678105 929414260 838948865 
646645859 626996141 541847203 
967795587 407941021 74367133 
145657284 500554652 68173142 
71502565 461195179 362491258 
505398875 318192363 130042597 
32989346 685149947 281924658 
433518239 287736310 895569136 
3244248 495013791 604650318 
207682895 172484549 522142575 
692223996 736856030 471820570 
435197596 699425425 646018764 
917488174 303409117 756212833 
554401254 725475751 509333793 
914745418 323626481 226972204 
19530375 842856237 485162582 
63228934 969061281 867218674 
51467686 922419137 389696403 
739549130 212468128 524824114 
432734762 776393018 694018816 
683716138 805032731 533567608 
153365816 706840273 287460607 
274768562 987659022 409540584 
878118024 873437526 707979629 
468809524 138646461 264429059 
292251967 941516482 345042529 
230395227 762809965 112426767 
294708847 522471135 194677144 
983308264 830632746 174442716 
359670659 958456221 713233938 
491451990 47960469 392904338 
524450033 492189378 943013582 
139840016 807349589 148061015 
103053240 794916017 102331500 
829296866 806220530 52105854 
310654093 974366325 883820933 
436414285 526476955 467967462 
555481162 584931268 412256902 
83053539 906593314 580951947 
678677670 140944568 444600590 
197462585 180640188 676283321 
122679187 648504558 392480240 
513358322 247312425 150227814 
868762392 61467121 133537874 
507377904 241589658 949463419 
334023434 716937069 927867795 
135799061 257654496 117721495 
536744229 271320631 422423481 
499456473 74449225 739498562 
145553334 770421569 200170384 
733661521 870741083 214737158 
515953720 626232768 425284313 
465739456 285499453 498121944 
52970416 174350057 106878852 
973433312 622604142 26935921 
670725675 756073968 841774800 
217770770 977808261 810258986 
833147402 805416314 236102060 
856561005 220409420 974933435 
961980150 991334919 924423973 
621571931 439312008 122092801 
294249193 611139236 781905775 
964504476 230216983 437706439 
445991598 604934411 805662463 
570590012 870531081 897575149 
236165289 392904931 203828404 
615188491 791997156 905074641 
910332692 843236887 678275744 
634552195 281831073 517202676 
897803282 507194289 496467007 
715979792 916887139 223577030 
496201155 322681558 527724297 
226882171 194689553 408097336 
745681522 379072337 26287747 
215051527 960832621 370688485 
711976537 746356785 579170200 
856013331 83201426 796758256 
611663232 784490387 300728715 
467215684 392990182 478085842 
463066059 85152849 572890881 
589734417 413004694 472214660 
866655592 904892450 192122422 
526066312 262800274 948401981 
282856955 838394720 341253718 
777910826 449934281 158003258 
130322328 108917744 869509846 
493063630 246094979 805959787 
887122365 166666751 254020921 
407347273 206402418 505725452 
61265564 220007663 945322801 
872661661 630239438 678461531 
793365478 316963036 289746038 
773497929 583380911 228701493 
50703508 219951904 991966493 
168729534 857812233 914513220 
973500377 241308187 580619414 
5240811 982061780 966909532 
367252673 576508477 968012114 
672652345 859535169 519404232 
282903546 999184138 30030887 
19485648 383705588 175416504 
242655033 448213930 802510705 
447699108 992922598 897229907 
701669958 472998342 482804433 
116029602 832728094 330343444 
427054599 655238053 5157189 
652341775 219661986 820628667 
251889349 591213066 174586604 
142910142 695242209 594819938 
443564570 963329782 176670520 
231867298 976171415 126360103 
502733882 789447601 909619102 
397376932 931061370 927090422 
577806555 140233408 403820677 
131962407 975071494 156839931 
529003499 133134570 835338523 
777849986 584421868 400539270 
967712658 224815078 360426633 
414389042 711418399 392696357 
10213755 246243384 764089643 
633125424 188991271 552982211 
282041336 33510158 613122994 
836685674 213126304 833059112 
27775187 584643396 369081124 
138253264 378574235 255767198 
247287256 41011283 286224025 
448473433 648438999 337322386 
222483016 814835072 826220445 
570827938 346990616 591790661 
161103393 842472269 598718837 
343030993 170950595 843817152 
845296411 131665224 173345648 
129217355 493029901 829730036 
337637300 401384012 68976006 
508364087 675044376 910184213 
171141915 570563800 910513829 
440732271 695761896 906181502 
475898869 524977082 361685320 
756500214 191179658 630823818 
973320045 980253741 973413552 
164253365 905171156 421537693 
411904157 720861407 356528989 
75843475 877029832 651438784 
427291846 868826814 522465163 
218703111 249403210 683561967 
287642348 191350675 607031040 
370667026 590468270 132183218 
497090247 760482137 142949600 
874304213 610295677 666872111 
685537723 286922568 798557919 
357505738 984643160 329058225 
935084718 500906617 381331579 
579731448 489519128 985391075 
566482727 267914450 175611729 
890958350 758755569 731816126 
789568720 520702601 74128992 
982559702 964845262 687391700 
821405780 918708685 271840686 
880607701 566221488 217557196 
993543776 89941974 66117834 
741332840 38661786 464444676 
160950547 897529873 137680895 
967337516 281247594 316190941 
471602420 363597952 724209728 
854351698 531780623 970912886 
535498141 152177153 897591271 
420032978 20012203 939159530 
189121211 772217591 589267023 
710270645 410251695 733687061 
560160990 229078568 137503067 
384695101 703514966 586427999 
124263434 186504446 831412722 
675735214 737280366 426356728 
762976653 361135512 914035155 
787681257 339130177 157848861 
993668801 421967910 974848315 
760289049 484413512 99849147 
441863916 137647073 402718124 
902526950 183036470 76882622 
820380879 31166704 147588857 
963201507 655703244 549787515 
866969554 264879616 48808164 
712659526 45831250 501137773 
977054710 305893478 249499350 
32478930 77376 231980954 
741044595 645136525 54852655 
480806804 210056952 306927793 
533652567 342341203 534366440 
115468183 561743608 453725906 
137204738 4314264 425893718 
195782922 125607356 380607580 
633217111 763613399 16866148 
384991283 910457216 597373897 
984080146 186600650 575164448 
728943326 678936293 29182118 
380938534 215793148 627601366 
559524194 157998739 380702735 
938805546 618351376 38124304 
618717978 651911752 631498561 
146985160 483907477 153802992 
562438554 401720649 442721969 
231029850 79857997 809277591 
56469097 12836956 104222201 
857492641 473750874 995858158 
448373764 273133588 317653734 
685367790 526688793 77080445 
426461570 910101458 70851975 
252132192 188684288 66186041 
78397611 454049804 925025585 
369552599 309721790 122577125 
349383864 502023281 644515866 
933894269 323477733 238969378 
940914023 586085010 343316738 
865236895 31165740 377252408 
257035481 67793904 205682482 
386215988 981255589 123005758 
584474701 693605173 928682139 
368585301 333560132 475196149 
703205333 144020511 744323829 
124360429 484905023 431007638 
704334197 302318299 230873626 
402667739 409379348 72747537 
266632702 615326979 665589366 
848106197 822615556 2035360 
385207436 77516890 43577079 
53638260 651896119 122470558 
88567034 507559355 847623263 
189446921 304059419 619195870 
598842765 44251016 618897485 
549186985 425226096 159575799 
682288323 480185908 925683250 
386533331 841031750 562349634 
284040749 820938307 390897570 
453027827 166322733 460676686 
944373635 599562581 446209941 
968145024 455126274 667661451 
404029042 588306314 77025447 
919653986 334452168 998933636 
749248965 479597615 661899996 
152010805 711223301 938608549 
307983620 283208068 785473278 
203767114 151748041 215720475 
554129862 671927132 514022981 
89981877 558741871 792029561 
679137934 745354883 842588667 
345704757 52246716 742377774 
573460680 35743799 606028103 
438212158 903954015 467969112 
264406423 779667607 508065627 
531746942 815248667 907502563 
841381489 676526266 989959387 
326213988 82157319 410480703 
525477314 965490595 668367118 
285973843 35815533 674289100 
367912712 481275527 802224472 
133345083 724012674 715337315 
756138149 5271388 268018355 
899670773 539576495 905663709 
138202925 875687731 229148187 
578950446 839754063 161943091 
911548486 839373487 997287686 
207562296 264636023 838113117 
490028220 174506830 447244718 
614032749 587954066 576846686 
552637501 530588537 884706195 
244520023 882776414 539876782 
646487269 109016756 525820348 
497158597 820546362 173483328 
35896757 443438261 521562164 
744780851 216288273 838981431 
775132631 823014760 26618645 
126423108 83298643 824362829 
986533451 733983543 576630594 
79419608 395542104 286186206 
520171043 123729423 930419058 
640348445 160552615 301676540 
426640975 932568692 75462900 
436532459 884416297 524964247 
994945821 2383557 859986486 
89090718 98706711 2963588 
838570773 888472592 491407912 
629143826 6682104 882070870 
685008423 868310524 823018889 
57402154 692703819 739029060 
