1479 4 829 2
677308320 998372791 688079334 357456186 
155231100 123203491 481084127 764149841 
664718645 424912331 461528025 181497781 
146168552 219458642 80416456 656660039 
137952278 471476944 219952541 346987146 
921181212 33904004 308615460 182421393 
337273743 404718545 117516696 241800112 
694911000 700348379 496269695 782189058 
21926480 765767978 442173543 982431716 
330017185 547183006 36481143 596337402 
803782452 789818136 384448727 193677957 
214707066 427767843 698842915 119533815 
199366764 206298690 794560466 843860950 
735458065 925073949 471659804 71004079 
944861581 312155009 862240676 722995277 
473717305 182336752 354861459 449803243 
218949855 195799630 214067720 554414643 
756981536 602565764 605534863 493500159 
396832652 770294215 412127404 327907558 
71546689 366102275 43664300 731647998 
225073214 919385065 660832102 661222369 
74887250 235423055 451721548 498601081 
66328703 304000401 517705464 651774083 
690806318 292572730 106524467 416763061 
464834264 143755437 508248154 461099879 
13349969 590369329 402722566 658139707 
702995427 501367532 794742958 103118181 
126186487 67795891 691674973 178464567 
99547882 287361760 404294178 368833345 
846152933 195779779 427156626 994275080 
587884505 84136155 575142083 17139550 
77481717 276305772 765602742 61336092 
449580420 992266793 5311376 627662875 
168229626 800291998 24262075 382609033 
448160073 360786118 657291524 358276841 
635353200 527914310 475573782 326061063 
428689993 642763074 318826258 417216222 
475041485 669570570 738995024 64087977 
358319808 775456322 367995746 602406061 
644680599 80938820 509753324 839442140 
377684516 132352848 898480205 11130347 
252647613 340651025 254432178 55403285 
934168023 123211270 446150322 41667570 
856130810 211852563 802035000 873267327 
914066120 781090706 780401311 605344712 
772563847 618809915 983126943 672279308 
705953074 322576030 384359033 658942329 
408492502 176329067 568994986 699266946 
99763634 489107101 842086648 438823218 
20261930 130303770 347225401 863118441 
924791528 926511235 306821774 693643823 
664585001 314871365 873694352 662780494 
998141798 775281508 964891645 853230017 
208259097 675974237 429662379 110383826 
587578659 714598670 109128466 402633514 
137562352 668852355 288422480 570868020 
231766643 709033149 148466609 175401115 
628144985 879447099 190860116 334641091 
385014337 393273593 140668822 546783116 
748817597 894720821 99505579 415514157 
276749116 752657325 887959756 562730723 
28825585 682293926 993550245 853151084 
231508727 855813830 928199182 738436837 
131142721 889985113 583331521 430081454 
57923390 323090041 190749346 414699756 
287390709 444923035 98625568 96989320 
30030682 597536849 529678255 260137293 
726381340 159633659 715409615 99764527 
582698875 115025692 986816530 749164476 
223221275 921751078 370629289 874198522 
314454309 221874195 709447906 511263248 
445561220 495600787 459817653 583549860 
356054102 184292194 416224571 81131957 
966602330 721378654 624496960 273845765 
131842972 952286416 451592812 604452681 
399770752 651002487 724210830 274833714 
979281599 633171742 831257732 905543027 
833781359 90399218 888331128 135722470 
483764271 69456621 863205418 222228674 
393538942 251135733 886936567 712402659 
678642734 527854545 99900997 498820216 
309543691 895445377 968740150 301012980 
940628827 442262915 531148556 706430666 
881064021 120200718 608724440 578196940 
640261560 749202571 575347053 914794647 
74874419 440962174 314262046 203657265 
822400825 676760089 325308756 589022747 
962987270 17925910 645702426 145158439 
262977785 836586906 771603328 222320681 
878162517 539148083 48744336 434712666 
299731797 88028237 184410162 646309961 
84774601 745485749 788220680 597595156 
655969937 280742819 422360950 475148421 
929366240 935714449 98365361 947373488 
231210761 73807781 520192238 455427196 
975618729 550639197 848332163 658153683 
191518254 748156626 792642258 766657128 
228044529 830683658 577424893 126898540 
221432 894647464 628219510 70367718 
699105646 937124793 785509966 483841571 
152928032 758137624 412106610 904838524 
881485726 265273393 957072249 260088560 
640396588 651612997 62646539 368880204 
384579851 832612257 463334110 19712563 
624996330 833725209 665815795 58527769 
553960860 701549738 825727459 839689675 
162688814 849629464 410722741 496015910 
987471849 354751784 122294981 483651590 
554750973 927113655 996141186 891983505 
592970025 381044533 906593751 685773261 
858573623 699304044 175696749 57028483 
596690570 283467169 570159836 785512827 
483444080 412025958 740032923 403438885 
418660396 124104091 180882358 224217928 
651449720 379823907 397206758 540881414 
852741824 161195441 243738482 660382857 
424881744 188217000 128937241 502029780 
359714020 569805508 662126437 190934872 
415749781 675790495 933022819 799478674 
558082846 516937981 513247314 682654650 
154773294 684548453 72800819 534075295 
871718059 21845344 119347463 326620269 
393867891 130104162 24254237 723649611 
354202905 528514924 793426942 868913864 
718921817 986082739 174334981 509010446 
521229230 974906664 121775294 548161708 
788684337 441978907 564930345 135631644 
688835015 144484596 41555415 990773258 
188441042 732305477 1180059 802090858 
856865624 26699522 884908944 706843597 
840641502 809061234 918018063 440118302 
475609590 345992034 842392089 682897069 
163694498 499377867 759723264 874599176 
123578483 365787112 47516307 364396749 
169030932 914154487 753625362 821720437 
707907539 817716248 545215605 52644589 
813994189 961103056 446582269 826791171 
775840567 910924733 348831230 396987386 
664090980 549367885 71508582 122996946 
443159817 294060041 681350363 645479267 
239245097 210970967 721358151 848473368 
947200256 666264630 924149968 954823853 
880211771 109991525 81937408 981958887 
51264594 522482954 643787184 200642318 
374673020 484470265 775189559 61333817 
764942608 67340892 972783312 779360214 
118620018 201027972 916011608 515918113 
102313738 991450554 87044931 430718492 
108875010 970054478 992428370 322547479 
350795675 10738213 518849070 529371824 
389236572 203222496 232408011 433646772 
248660556 689328244 110958206 413141918 
963983754 711034768 856839396 118881655 
651166141 459828831 375100983 980797310 
490153669 386525514 302081822 668330904 
273114379 42766457 336185617 477707528 
827974178 200925187 987405548 1095152 
892771998 688358682 679858892 39178370 
271110873 398511870 204032901 590737149 
744052934 347947866 986757800 807261267 
299125615 520959752 892177190 88052591 
716324790 986256280 488037845 681097214 
177167198 109993604 939519473 155100077 
249404735 521306745 673512651 859749931 
258894511 530478298 515112056 466846281 
355848734 173560699 732380038 277497755 
368151360 92203503 805035488 187906252 
332971120 711065653 21992387 482143334 
211805845 478372685 110033823 720230810 
684869674 144802570 919682258 442695249 
601123015 707594639 945945586 276139497 
878803871 224401627 938417388 10191610 
999552319 475457366 916213797 432805050 
440593504 407686922 536526634 359968067 
790547476 115865413 534227042 165385488 
956621727 359933370 251312430 375460074 
707150490 2055697 975082052 67915561 
105658938 58330834 365901930 575444903 
401939031 719582439 320304471 386085006 
765822629 8090889 191639156 869491048 
741411127 655560968 429212903 751056006 
74722492 168816445 928223435 852335089 
435741813 367308957 306219259 796669856 
238711119 676357683 799240561 117223793 
847006225 95489134 291251321 203493515 
605495914 878049585 235756625 851133236 
650968487 215495398 337777756 869783356 
717415428 22169004 190652319 846208216 
183297355 678656774 451372885 713620508 
377790079 167478758 503521352 76022749 
514105839 878297526 57329548 410990336 
111902994 857514216 713925624 434033733 
591627698 413329270 877721076 766501432 
690879059 924412470 927297204 712693291 
914130057 559207549 197407577 543551639 
136929731 174678018 450322218 185856191 
483617652 200307699 593488509 539062031 
338007001 8288091 170948515 86666481 
567712051 854941940 691032233 647807769 
205531167 34766802 262479815 542596007 
811939715 599879319 760160292 884730474 
857386008 128682755 137810266 572467460 
580896055 505587796 350619179 817938254 
747642255 521001531 712994335 785670283 
205068792 275802739 833732295 5139311 
208851943 87285413 325876786 657018960 
196561861 624077852 613354092 652408091 
30606159 917777314 317964374 560366835 
831749888 254810729 394398857 827260225 
574645821 568860165 264299409 153611728 
785043173 368992179 835678323 709410093 
811642358 590260555 519330439 770265345 
761272679 790289982 71272012 937156053 
961954098 845929432 946290767 114590703 
50871527 833496218 47706774 954757244 
862266442 66856050 425643428 363953046 
408529991 49396140 598210179 614319282 
894749450 709584289 441718615 959807925 
609021374 210500385 49649275 897920365 
13713155 900755986 917572971 783729376 
221948893 627818294 566639406 944919326 
84961081 387715506 996740446 946329273 
467724482 692976062 241803577 432956330 
435256979 226106009 123797259 504007380 
916795557 272888153 898495127 177294201 
33839809 536974516 200709221 702881818 
729309312 451785630 630022877 985594501 
874725203 274262715 800922331 512785184 
184247621 647491470 827316446 462113475 
328785827 624578068 338180483 19645196 
820030183 900085395 350060775 689671104 
487129466 616007603 65910547 155360611 
259029720 208836886 848066224 973855260 
560391315 311474831 926866536 371379093 
174569532 783667558 38883655 257095559 
396203659 517594225 132391059 808342229 
175862461 758858503 710399179 792773413 
575881802 427912915 648096008 295182150 
670163873 927962471 750175224 697310294 
795032622 545641950 71379544 79932565 
99737092 205995871 928883521 70564886 
688858187 330348294 136656623 425488984 
965457253 602753644 505427446 846097041 
546922947 485260035 588440225 757936229 
954882970 845603097 608619051 970891919 
832708548 525954467 356691000 624101364 
791457733 878411188 727741357 630026445 
193744420 773306865 645313051 480707786 
623424662 528454290 725776709 532437246 
940218678 48061959 566577175 679927672 
927476499 38228988 855063016 313460356 
292133890 630415392 821268313 330136633 
558966786 121302865 955231953 51335119 
680197533 6741425 772040163 446407868 
785629515 909267640 833395257 932897015 
6710772 380911571 703477004 932060815 
874360132 254292262 974082254 294043982 
31486313 494171129 300206803 162493410 
138938087 607745092 183300853 203840012 
949911455 319622449 747542220 167410180 
751197839 733780483 635185950 880692414 
419679242 154765205 485039035 973117322 
634518820 128673696 186277985 7419077 
194148447 692542610 343763152 885138606 
822567907 425781769 622351367 303799027 
533467286 555972813 191040074 940871611 
201485784 648264299 508853275 648568386 
536919211 82059054 404860704 503016239 
537061676 742953209 144598613 12895241 
283358899 677526647 999682557 377709587 
721428370 555060772 515511788 743306885 
617441784 57600104 254327759 790291500 
3893247 191755995 899316141 435152633 
79149851 418198435 232356796 782431495 
294777337 885469974 863066432 785232062 
739526604 268787059 542677190 410532675 
536866739 471487585 409009395 638826312 
953617227 420269509 93618766 805857598 
664226855 113971376 419292986 973476903 
931074939 729501691 263637377 636528373 
935095987 359109319 199336886 783381950 
561076974 150967515 335089459 157054332 
920752448 352203954 895832959 572391838 
711550610 775018003 159425861 922356799 
695647142 595486 153153644 789428082 
807751263 828112643 985283826 651966270 
40487189 417946362 727768169 310702707 
374876537 583948383 272701317 198788193 
107646285 670397508 371649975 880342830 
530965445 539629116 76644251 987966591 
662515022 456281788 147140092 702808780 
740159991 392470202 117785894 661829916 
473697182 973290105 669177827 675549057 
145250763 691267878 681229608 734823442 
685434553 209564664 946072740 90598553 
36196548 618543676 485798782 259233249 
256772806 608532335 953432829 248835263 
78888514 946183830 515784966 274095501 
175394965 738503131 1922303 522803288 
788011734 964489618 299908765 565889444 
177455469 655220866 780847112 526166068 
113677810 166908910 938795536 354265138 
574083507 448709792 117886142 353999558 
712599586 457616835 492232876 841585692 
192766090 803881574 209923932 566906564 
731053885 574874400 36936757 780222657 
660022064 213793099 491779362 689838483 
741569913 133850241 336600512 619726001 
566437521 843444759 995075310 972170514 
807503457 927266914 265998384 899449361 
193310328 425438248 919479966 282527410 
770897702 409103151 687459378 843605086 
764190943 29637746 911787185 301313268 
562227820 635551425 621784338 335211988 
659335123 288686886 860578712 775065949 
519497123 433114770 13768344 450468092 
86324889 848622983 23883180 765309322 
736649222 719204666 254346093 301506346 
469570697 239716587 936640288 13268981 
861988217 241783720 674759469 508745921 
445295280 855532457 828352622 797599731 
163072041 861632517 118934629 336201253 
241153640 452594300 592952446 241306245 
510689481 723992020 567600342 913642798 
973956246 49255371 352495533 824575608 
337906526 777179830 388438046 87112008 
369307536 423166494 354799375 954067527 
251739721 154063138 139551181 540638338 
670858124 881241755 833718024 613933837 
127060202 795217236 612135814 996312124 
322948909 376285382 205747738 874698874 
425508824 192783065 451547210 976671506 
703095705 224134609 56678338 789648966 
484156276 723044913 471946471 231624063 
221852956 737221696 952765072 972086731 
383239934 709566172 989758026 149453367 
578348944 854000609 284234363 165921109 
237913641 51857192 478397398 329145511 
59919422 32830811 215921600 690052397 
587058325 199630102 777788597 608079137 
80035167 143705985 772541620 112874371 
528357043 351758914 972026440 844325284 
174328158 673913975 429327854 558616669 
140298022 722416039 497891318 321562839 
76228582 757196432 704986657 965025572 
884754172 161292320 970647793 168930901 
341457698 928301069 847713199 33150664 
929456886 504043437 567042875 227229418 
567300320 415464349 895353572 932489625 
126400747 362536003 615547729 882103887 
637189996 634360676 142393983 34063841 
953652953 939343962 911028291 247355986 
27991803 197735312 932784114 122998360 
82417221 18695298 657290406 915518757 
59718041 596008992 74937453 104560886 
569221326 813106833 490440513 932994654 
91293783 584427903 39649535 660871290 
546802859 811203469 512277220 479604276 
989453245 375150976 276853348 240406359 
786044997 687343430 263954264 710011436 
230419104 889943851 309394606 995386479 
332467798 496412097 641777880 364045313 
410137486 314729241 232253227 569463246 
766626783 260378216 440778541 878241939 
708516783 177647817 751352358 679258467 
632352489 548615954 583271088 866755468 
539806915 500384308 109281527 754223718 
290324203 888207425 496212792 153175383 
120839583 766495448 100800705 671758746 
86666884 533071152 242960302 33959461 
285089778 359497445 71479058 139969808 
697840338 584810569 202933532 336175695 
255571764 420645654 257009669 810552291 
278674652 731360981 700806562 857314216 
768008053 317420567 109763576 466419653 
841867802 742637460 89193262 529408848 
688408395 932311708 510818234 840205377 
751444911 809113875 244245919 112085158 
808547146 68825656 453516432 977626332 
401557285 776195369 712870506 692250188 
317719672 583621413 338730809 143427956 
342861392 240597756 195294881 136024844 
452798974 828647722 786765402 577790490 
38435358 204983863 754839623 844809746 
945866799 534846009 915744532 290884874 
749773507 276450113 938427540 138992491 
518785812 243601640 369549522 766915379 
300913443 835621966 303445855 998978623 
842304880 752344785 688376291 753713678 
742177087 380483723 965621133 914602019 
689990493 935504391 123144599 193120820 
915196452 167323785 199066975 504940279 
436489045 978376838 307958473 411862803 
956985147 144659568 953221781 817791600 
321341598 892476006 93026595 440383036 
494035847 282156927 854004665 893425519 
108835338 605372683 760145039 269654539 
677850763 551213561 624060224 433279778 
238968845 989832910 735327337 421599661 
599791916 358669078 869401227 183188858 
494760261 918903159 592704307 12920691 
305000602 577657521 548638230 402466719 
404484669 955903401 592612961 296315885 
963540577 678773932 350037453 405861951 
996164252 225500127 477593804 431023459 
267683543 504454407 960226952 821799269 
485250253 152613714 129163218 460127887 
164985600 833197625 273998440 290851360 
68386303 722222432 300607812 330901917 
710141219 10954955 547155375 207770142 
50518610 596411464 110202072 572780489 
605080332 228949075 567738421 406982832 
44141409 839959619 826334570 361863879 
869414180 876891581 960137078 277887877 
888519684 685824671 705915441 85996289 
731248452 173569936 786101834 509104147 
326964891 967940085 378205748 763654668 
814740882 899485790 40158840 851405944 
337157420 374786662 393904435 172770542 
694813784 84379179 66054796 570926408 
743011723 786930114 241478433 373185644 
470835009 869234058 5527517 46338676 
859610672 184460871 702526203 251615484 
431220908 515704186 960450193 639836479 
395181427 867114798 177300735 726687739 
777238079 579890370 417395835 658985063 
638157466 851964374 507246094 377234473 
577373751 395138043 786415687 799276118 
198483879 559651425 929902747 564494976 
83239549 585986091 485952767 39253684 
956027127 361653654 457769432 896439331 
498735631 236343138 711925256 357294599 
904284249 659407345 206571926 387461934 
40993466 667859701 29613942 932894981 
210535701 731054575 80787324 288826597 
654945115 98233236 415277002 28251912 
158406900 443534328 364453366 743749549 
385424841 964484176 29705608 2299211 
573955323 221072584 164608505 114790367 
912037918 762913852 366930008 585848604 
689537898 945377153 917655827 554323187 
640007437 870441994 183487067 952750953 
755007298 637305061 380071702 817209681 
424542737 214312556 825518335 772638149 
864325853 710504253 864409800 765148018 
786748985 11662461 127207671 853775236 
18972784 500262324 50604045 584094689 
537885881 800634691 786110060 240259666 
970249939 912566992 693835472 809642742 
898051962 892140642 630420868 162373456 
641469684 186251120 926235634 465164477 
41923160 667178596 441336237 41771716 
998067831 403216459 532397345 562384676 
981318578 124469293 559708671 570144989 
754280237 538378317 638353566 57275601 
396253662 764948528 223996260 245890890 
195587860 556279294 991878887 871532227 
49560393 286180021 421824365 774481914 
637007797 981750002 127594262 850859855 
472143434 183164908 400710408 873768434 
719747902 895086719 33182905 713604943 
347249758 258685575 772202543 813284692 
118252634 262525571 910233272 401031629 
446593247 856960567 908714916 990225735 
233268586 230394921 287421353 755422311 
346294439 226699814 858481695 170950133 
465869686 295838526 343481502 434372343 
214260521 409531716 472222706 967469369 
288473727 135268606 13998645 117367709 
351917524 219213730 922433510 405060046 
649965395 454328650 210770456 870874485 
537746884 660995633 442676959 641814429 
902020829 306595745 873976690 709134803 
31120764 841000047 689886740 622721891 
366103630 404599271 617055436 671913026 
849484742 884339286 111899355 362206107 
587799321 337672046 648676676 372227328 
18039480 630925069 248449107 421308299 
609960917 770117793 614958030 329092445 
206932342 7479622 997442768 498322225 
152801690 451920571 46358264 165041186 
375107540 853545986 440667268 886480038 
816817275 495413648 880645441 782341083 
745350807 50864370 890851349 169951591 
428526910 922636266 481623581 314505656 
889402283 448094200 574529409 154642409 
571224205 822344449 393596295 772441710 
225742429 564364951 904424196 46439320 
110161237 62903703 42099573 719374946 
799733657 192071630 475545093 240284823 
570765466 495701906 642581241 95152030 
55253542 802553042 894883473 666946206 
615306458 602718804 134605878 628418414 
35813976 258723199 29217691 361516572 
321284846 453385613 400028834 28650525 
440878531 34353402 132288498 197481171 
350327606 319529462 704200472 257407343 
533879076 677554332 867914941 161745163 
92129275 207341529 723952399 215429666 
684753497 614707561 224869072 952765948 
987096057 594817296 765024853 741522372 
429694434 726614532 638351059 840950517 
857731839 204201098 429448673 283941018 
921970645 16850338 802708945 557141397 
751563455 369266570 970967070 795490888 
390310500 889182739 499524014 402017200 
546395558 592816206 80978804 255967587 
97542041 721045575 815086911 138131054 
221078793 931712803 246778215 784553132 
263801657 190330834 269730930 848840408 
638343110 902298387 616566167 151676188 
904052875 746506075 769819156 140870344 
651582987 713552275 823264944 263685279 
319166812 198995720 975705583 901663572 
984071921 126390605 710111233 302166122 
822392791 700752824 285682599 483692358 
713107266 94201627 436613817 170655981 
446487033 379919757 84507368 767194809 
141856405 463488062 807115874 439343252 
625743019 518689960 380738733 472933799 
378851448 540199405 127294100 713771813 
70779016 137821155 503790802 953402565 
710504689 679518072 672943118 842156432 
651453222 442969014 717429385 876667487 
221708012 16361220 565131197 450109340 
218889217 118919736 237089694 381492716 
713374486 315477313 378745708 475566429 
242458911 452654287 486164293 684225696 
925730240 827773079 828098344 286731246 
193765473 677262830 703362034 413670511 
552119976 585177320 311548060 245199004 
136543951 885130381 434052835 259131882 
703718163 919254775 358100717 428697800 
366802305 236034366 364481750 19361653 
956816595 293452041 782944829 574359852 
561143035 57708801 141263919 716013228 
694751843 647219953 959745290 867707720 
447439365 63169184 947090091 400310781 
656893623 113507946 172602783 428840365 
708025560 343642951 667721714 23564628 
416828918 860756672 764671375 111619159 
692396854 473789134 21305051 904642100 
407060117 997254145 459665876 573225080 
824666827 701753674 854464032 569567822 
292886391 475271718 872978465 39855268 
682573892 576849909 208169634 774378484 
967296631 800410699 269571892 219651272 
524531632 149440645 208797692 407583845 
988476409 503180693 196062663 879562701 
958903473 935035294 60669567 195529562 
183044407 449458923 77595280 739827185 
675074918 427892136 903903295 221167570 
264272522 477827449 58849518 555680353 
799557158 875895849 267957967 781085609 
784330305 673970422 392483204 608057291 
566611422 129786000 806333561 277817503 
23938311 537440125 347747486 73065468 
8697229 169759352 683773030 909265152 
737811397 558322487 986827191 61453173 
370932132 949875125 787091510 237583074 
97895896 375845851 518489418 259413656 
574552085 907591490 725447603 485559505 
202627282 613281099 391102478 646546990 
655165663 376222069 312882303 968764180 
725313395 870413886 311179062 914582448 
921850212 95929068 167863361 566531362 
469762026 525410311 565919886 373655719 
237374561 133901669 556835559 800122433 
475141706 306820786 907215446 329151518 
483715537 853318240 626111203 922198725 
686047533 621273322 489410868 905840492 
929814176 659748789 370410232 544575570 
244008318 244780090 71421380 43557317 
184527484 645828282 830905662 589692242 
182776966 317713374 505829946 772206066 
48986770 207208051 969363207 60111868 
240890980 35631104 936160799 894929578 
213120830 582624913 630919127 309572521 
224209662 163508645 55131456 889868942 
886320263 237200417 630222057 488902222 
522949357 940727182 240698470 190837692 
793695143 756320820 591219162 761074254 
985134280 602539813 482872179 14856945 
39864886 423343561 583067105 710919530 
476115600 325486365 113114678 543137424 
508680365 575219855 996024157 189054058 
924273045 854040709 619271505 85729099 
522789053 63309375 636077587 212213660 
676677740 480735028 833658701 813144963 
813989239 460091357 411432325 993470718 
29621994 940421372 816377384 697394015 
457662023 657234983 293636546 190852710 
664828622 398951275 986596767 221531486 
345842667 955447543 608239924 734313458 
444753661 29776355 90002636 347765249 
109238615 770532677 292727615 713237682 
175828350 589196665 403701445 353397897 
500359876 647972742 448398985 866516555 
531291842 33395167 188248349 526934839 
495229576 824802354 658101921 722414907 
5239791 661673900 213938592 768721586 
716342690 139498964 407619962 361216186 
788955532 39468129 443638475 242838966 
187564018 716278139 187870863 870438685 
513413666 368219 614611878 629383861 
105127761 394880260 29529924 218798073 
381329029 70439282 598364548 706586213 
882336859 319182202 193609721 851782757 
375057094 147881944 957580918 821627252 
66964212 221708708 434571266 177166893 
488202338 771326320 31698999 954977332 
816370068 279368440 661735345 651784740 
62819916 290717157 108614707 481161494 
230880052 912932414 904094606 501114660 
960328904 304224598 181219984 564015216 
311566425 60161134 157065030 879599209 
310693354 877785430 966031619 505938322 
331082305 450837468 460186379 841295210 
777097456 902302384 219527424 499058531 
899423269 365155242 553863771 418964899 
807768911 647370163 264197787 269194508 
489367980 193465256 234134309 142860059 
244992579 46718898 295047641 452067327 
372007406 434176621 990250409 977792578 
324467377 887402407 368840315 135308076 
731472724 958240169 447889079 186598127 
140361772 528536704 987774681 434532020 
882659340 238921153 616375138 756811811 
398250088 265106047 952165013 36930029 
779568307 550694820 392552037 119708566 
781735033 871743472 467751258 501898935 
570940211 992205755 529249488 87867823 
626602497 712824664 797236907 212740203 
180898120 119106737 483637582 241425528 
294649153 741437704 646114050 177843461 
380659080 885893577 589919540 462005397 
787652245 816366882 236694111 282405089 
101917061 734751727 162116765 695925550 
604071743 444599474 544678220 815220018 
597995159 834193030 463969079 834952900 
508625940 834586880 389745836 319608949 
553682592 770917247 471128710 713894664 
625459863 233717160 967939908 644998578 
507628035 510637707 312442252 495210136 
215239737 420223412 703001382 291622191 
339190081 926407412 754474586 937245370 
22345106 739652201 774225602 421422269 
744888580 331471518 567608006 198058795 
97598368 840460869 31016249 874125156 
100171561 2598932 905015474 246321714 
724681163 14279885 711091923 199347269 
639003389 386124061 263803655 963953431 
75578793 55305368 670916100 507709199 
452564075 267217792 675335682 721296417 
10193604 291428569 279171406 222369764 
56946365 722855919 806615867 113956936 
7759679 281638753 152657154 548073165 
833355921 85422039 217745778 818169539 
898428740 592524034 405407336 953830551 
394502434 593403299 680373966 646333239 
377807837 161959248 955870073 344971021 
576187253 68318360 681824780 300076402 
262755164 515638030 248701332 969364861 
724137754 629403656 28795236 267836789 
804620524 6838842 337281346 518369022 
803557924 163485760 175087550 730729432 
328341616 266114003 169459635 253721574 
643197112 492961976 874686348 873235003 
190112160 402218325 491596087 168286478 
749519815 896644662 647359826 977829399 
298252500 948359498 395584750 403450494 
316767514 310295748 160569229 875616633 
455779383 20033574 445130415 717395364 
105381988 400824122 214296318 423487365 
114854218 714090664 375360629 947845366 
780698741 83656005 332818946 635530424 
878144222 753214068 317090591 166216213 
224213727 755475885 885320259 80070400 
467540026 975255300 684098983 333238980 
982831488 87268787 561665969 62437008 
746028437 337014563 707145863 34445614 
720073930 684594305 629889998 202840392 
397311421 697962080 681433862 507416428 
144818045 624033536 112848476 42108437 
386188127 800617904 799817367 459318305 
213181346 681880837 582953352 422440411 
315873978 412164578 718579655 560695858 
904244718 913198854 747215665 977280762 
196715875 863610477 207228504 234415745 
720662671 970831465 687927633 480986856 
257187607 475979511 879774794 149499323 
121669565 672761926 62533520 469948363 
520330240 592864996 741413624 29694619 
560216863 827722576 816276183 479582007 
949920034 139636385 573827725 355472548 
13733492 78753048 912524415 253552225 
700674195 251252009 337466214 451900282 
906397464 801567153 44492655 976764060 
734035977 189090261 330264182 144202312 
333514805 141707394 466091553 62919669 
328587376 521798957 211079084 941629866 
29202396 317750375 953186146 551363702 
732796575 942323269 574560932 392158382 
966960996 547821331 965595383 996655173 
934274720 290261436 306681318 396668876 
898205315 622461563 775702065 443267451 
404871708 747067743 10128953 752392967 
336419494 785789421 293175334 56862974 
555403376 397383847 99247344 772768 
250161609 512890838 77323990 860317554 
361625641 577667880 912113316 874770457 
772997513 557354917 406486047 631597091 
901606800 170312288 183646111 62581579 
734962804 454636589 181522787 201256065 
766318686 157970720 850188363 556592702 
176044864 967282821 374912942 610381839 
679210256 268793195 840563956 99894231 
956995216 575381732 308380863 936279272 
593139024 665539772 600595634 458154576 
287781242 612578489 381543849 976478185 
469060727 306830909 403849345 96766814 
827261332 499013074 335735638 329071332 
478133623 132047289 128792657 800585468 
28890479 874946139 12890971 744371518 
327243285 819034596 810049213 91933706 
313142785 636420838 124743844 27034937 
578616600 506683635 486846138 113773941 
149933513 334103211 678452549 515619793 
709147499 245280940 463016614 841501187 
302181680 215049652 102181656 615144810 
373357126 323396081 75801321 732755665 
176946935 746858185 388301929 729282047 
206438742 865256497 281218392 102486763 
95471708 522186706 56418417 909760841 
410863261 488481976 189748536 651226838 
569351275 993799934 304917432 232168849 
485396146 642760334 883275896 391267413 
138923794 260694570 69588532 431370349 
47464086 769988080 51154471 838228583 
697159594 948378199 956405215 941932418 
429027812 208999600 545326961 786746932 
843966062 979263655 906036361 767052048 
240965501 700568972 253502437 531386379 
762586884 515595525 494003192 460502016 
986093450 870870 806218820 537815819 
660729473 552584351 608911635 846155298 
78944677 21458271 738665442 892195445 
286381121 752013173 250965940 558857883 
835536238 230909717 509473971 311212180 
123798688 61330033 255452716 999859762 
82213629 899186744 730192251 383551259 
964965624 673678387 983712774 964464394 
711601948 685232761 132057468 96112169 
961358304 525960501 500588439 92565549 
568872427 171557894 734221440 285278295 
750781129 748434097 841557136 168428651 
415533205 184534296 117346712 471382666 
972985875 792166232 867348888 761052589 
245560232 838268242 196999429 73842116 
605964553 351102699 428675522 729106370 
580879946 924941543 539474112 519753970 
892017442 951138533 682916575 130597658 
377169010 771163109 656377267 606638258 
163803711 705431634 408312530 274830181 
652851339 981250666 168257988 977963085 
286608886 686761634 374906588 985535304 
898962123 834171781 43407153 670595707 
938948775 647089917 622605088 508148253 
423209285 776777865 500531335 50152655 
830230676 222596928 106331893 89393593 
485957196 679994889 590021180 169466778 
910610394 920140210 425360801 306320441 
193873586 382338358 486773150 419783942 
638224446 930001658 863438279 465202133 
162407845 571584645 755296319 527887933 
720596734 119942023 692285268 756705718 
328703845 591379644 285385541 857569740 
378512106 728755403 149399460 216001935 
619054630 156546898 827855782 650943856 
956141611 689721243 988082161 921982263 
289367168 975868264 789485602 625872323 
834595920 188894279 165880176 223198116 
862182194 134096630 453317945 907966987 
817634910 11356157 778050555 943509559 
858038447 201900288 223401222 929115312 
632173890 174629518 458760754 729723751 
955220123 868209377 438761434 122353940 
430892301 15029682 638777804 442851490 
220922658 2851321 384419635 631147128 
358479774 622280114 131389737 554171608 
940595576 851070650 699295795 109242258 
232150795 415918414 676122291 52748314 
159026390 921493169 77164771 354550091 
435780656 380649298 987894127 681530706 
987498523 909508215 358015605 79650366 
180590427 775609070 703609930 677834153 
993307567 286962208 94311142 443586258 
157526436 992765907 599259260 186790387 
216211572 853415255 195806984 137299568 
392640550 322090398 987307764 883422214 
304176393 653276290 264864672 553879458 
509286760 458005985 166797225 69425637 
690242365 111105787 596328926 293907464 
5225209 153671250 671645764 174252927 
204118716 972866394 416131851 146226916 
774339350 56726194 743986718 425268964 
340193685 926530499 554247040 117058817 
169306234 279947747 291137434 279822310 
844860828 195965596 343955094 71282360 
88606451 164917440 246776131 766603071 
143609042 271174668 513797608 743158547 
882641497 476371329 560723584 158916803 
42865539 996880314 367502798 58351530 
139074832 406847290 37845031 86959327 
579365552 673268460 363157651 7650587 
829599818 330831419 285963541 341401076 
347116705 723901550 227929147 554910037 
120437913 207678653 870765036 36385507 
753318270 707316512 527401986 371903372 
386592018 325300871 168272225 978143129 
331044546 619407449 207168282 519911043 
600843966 509769465 58547302 881875470 
376088400 634327921 84269699 979443739 
545204035 592042653 926644586 684490335 
840052230 550990132 948853106 665707080 
128962835 271594479 987361260 484270970 
614626584 185809910 557457859 561475911 
509963927 382608043 864581363 795629315 
75477533 990125657 68312580 291214565 
142046598 216068878 527641573 436772342 
556187396 169125546 381194210 262216014 
766814757 29268026 293613411 960351809 
384053484 197590350 427418543 818099893 
790348416 686837816 225809152 455320679 
872049786 521921403 660891331 362082218 
384012220 293588639 16171904 831929691 
173614597 116492772 433525258 214008565 
36941312 53420150 49387217 747738165 
261551693 320662221 371789272 958900926 
611359847 559923209 10302521 342243784 
109984947 329819277 704294520 318720324 
104695073 202673523 563247438 584000325 
331468414 131963608 854979204 121448296 
942864531 30635643 345154924 522550710 
506344792 552037068 56314624 478497294 
13687347 755140948 520399584 80984613 
319686655 105201975 690456567 467999529 
237632006 537112522 583069564 848510843 
299224289 312582855 308885322 17300898 
453556507 781772211 687019142 210208381 
66804791 946921927 799739250 232360955 
195821822 85268513 208330753 655476244 
319919844 218944588 984981952 912022927 
140239945 315443303 257644827 151403966 
724714943 597287885 320735907 673642219 
124682677 433045874 625545460 54256744 
668408582 21941394 850686312 744122125 
237285887 553093317 162585015 293933153 
826174495 919563513 53786824 246384769 
213607723 427665344 733267497 189785509 
342517747 451325899 468092671 622210746 
493109762 630210699 544551569 213370704 
736837943 505909816 408825442 630421684 
811476428 636207458 219688931 361409635 
951380782 334368143 477808862 70801979 
877278843 113558546 129142710 381947221 
127546133 882603439 806565083 678892267 
1178113 507412492 448227313 241944757 
615042214 153600134 530741170 428867352 
506789193 280833511 448123000 79893224 
654616329 127376442 489123169 835757408 
287955142 605761683 118638896 499901053 
683541761 880098547 394095399 820789925 
649709956 776263038 741021426 917040752 
799183922 5775994 731231112 770220814 
863038908 551411845 218839154 358331810 
136924543 382319455 241306974 985669594 
883117363 988542738 617287102 70952092 
104819392 120670325 627203073 205089694 
970135797 772538364 690763967 140220193 
763634817 952054049 664565137 622298182 
806949397 654853851 762026999 316247576 
184154626 497200049 17236003 341886918 
711081712 926213111 368015155 612800436 
588384906 471418966 117437285 800807634 
809870019 420784729 13566638 389067053 
622019870 719596225 343152417 161590357 
814121533 359366007 610514631 121516961 
479036395 827867630 346730100 416209122 
78140144 634810196 939427498 705919827 
334495261 45038498 469139883 470097339 
817945483 793316848 948586515 696946278 
579617079 814394195 117322107 198440062 
543154446 365688826 427959170 229104887 
732069424 171503404 314669445 826792444 
689046111 732424343 863950211 656761161 
841500758 493114156 899664311 250654343 
794351850 431291016 295152207 276846958 
804128765 469626087 392978923 707666640 
624833952 228966149 490806634 297709103 
693608185 81410968 529239752 677659072 
429094914 561240847 162839175 692922455 
755217509 295671764 468550370 686227232 
799549467 786879038 917651613 620578059 
715312299 96115982 55677941 76408141 
925645000 311886759 307922823 41444038 
393300752 824982529 841166419 721791683 
578523361 488963942 924510831 324562596 
40188035 753466192 668070047 117208645 
792488334 171456050 234338678 596068065 
541626071 890622680 888382803 396738264 
967605911 389597781 706960627 15582610 
549562263 471587603 176161638 161174969 
552663972 51474752 336871481 758431365 
445681607 634969829 208564632 447802648 
310651914 385678955 253541401 282104974 
399341815 683544870 441600666 530660399 
367454734 649951122 804333051 38024013 
690075456 388396937 188691043 41453951 
160059139 69373003 80606835 932858113 
443221058 326351387 433873713 843977932 
25103031 845024846 276122894 155777449 
304068692 400847222 590699741 243937951 
792262306 982112901 310991026 520053334 
266410494 501637796 224159130 300910388 
322542785 602579241 973441878 471317005 
13150915 625946868 240325004 35473399 
676552294 301061486 27547356 439392221 
616093843 38410702 397447527 167738656 
522752427 993108344 697921735 406731937 
270312674 5345744 460498324 489116014 
373345743 227018465 525832730 468151074 
689381624 590736572 818528132 590280311 
316225439 328147232 239944513 550982263 
584416385 589824941 97161734 78208439 
118987351 314265468 583599478 749558793 
271934854 739402337 677285583 274805550 
881319334 571823200 352558878 13529271 
792555493 248954650 61998926 424431725 
89894369 753532677 692513001 567874982 
543945925 171654023 257457330 704713665 
679231761 353000864 124625929 384681317 
580445277 558201844 320539948 209389819 
399515083 110810531 719109498 891746649 
515839030 447858470 476032692 361045642 
207327412 543518158 446099681 19178623 
2545759 237795261 890526878 285234865 
352321941 390636897 435370410 539301403 
785862698 575861088 420985939 695215436 
892987129 148564545 619837732 257376499 
141420526 458841197 857827717 317044713 
216029819 693853223 126294664 144608362 
615113375 417984933 830103890 755276824 
537733350 500672840 856337955 578172587 
690189841 37159359 656815484 945791549 
12429981 151505630 644462990 150297172 
345513311 663675443 702797560 906803618 
578429341 447419163 994380147 536259191 
813075394 334537948 752751567 546705558 
619120836 387656484 773638974 291119525 
416724861 73853968 933189930 199453184 
88223008 873974933 179821119 153242265 
265125952 584638019 241632409 345270934 
606417476 593721765 940938632 203410759 
356891558 733234968 748401269 537529407 
540038128 712904449 98754730 392113573 
697323451 188888681 204927849 255748267 
57560896 706426014 642350909 678500613 
730425377 423566639 697088276 809979805 
937109472 619134835 759331569 376916596 
177221732 837315399 578213725 64242480 
763814205 229060094 313944259 88451640 
261780150 207813511 658427384 410818026 
151801333 995741379 50419415 579047718 
630332266 495039960 459388855 312526933 
215784158 864142182 173817096 709923187 
129855275 350548454 296825722 373665110 
68699149 494443919 975536669 252834947 
188379534 494923851 687517631 367868361 
99164207 857642002 630227931 74672023 
7427510 55505742 54185323 181071332 
801400606 174710523 882095394 813911792 
292428990 647141087 129857576 573265279 
672128075 808219314 537973919 252981614 
902955146 236618478 194255955 574492344 
360054406 794364765 155633596 695985306 
783994689 838281559 391940682 631178891 
616397984 761477073 770508162 359373058 
956511621 802469491 255715286 115902925 
196570795 514116773 762181004 656835016 
222133914 284873754 671626263 96577205 
698762963 523678137 641353635 387004983 
773932807 775247289 841168223 745561425 
654195066 96312963 430454080 421368321 
357827255 955734533 379497309 445879033 
562086533 763134424 673661806 959450994 
38020153 434519973 760839299 667184523 
425107104 148783742 64223872 431720937 
979969471 359347729 241654317 751989979 
478930431 136613439 955677315 612767736 
827889619 299253266 553202488 25984199 
532703104 13920743 401128989 372666037 
394795223 133782250 132508776 629248141 
592022812 812356265 668639595 242025482 
901907239 118734198 825813681 635405897 
284876097 108993246 664037513 319424477 
122081871 851086648 144342313 222468338 
80659360 507192553 340146625 673291037 
938881422 595196977 661475189 259043934 
328545812 470762832 523550545 46657055 
54143413 340156645 889679376 331599871 
175069295 728602890 187788661 213328636 
760892395 388378499 906029639 768631542 
636216027 77409481 576291426 951966623 
235778073 711751025 297540387 149278185 
537170161 482857078 247402478 760866558 
600300400 513812872 651421304 148369108 
766447385 964246788 119060909 597581712 
962762139 841872513 281646956 162075022 
712884347 285710826 742238992 985427664 
600732441 860145056 925627331 223607235 
432234619 728943859 439564148 756769227 
372238220 963721332 830409542 507452728 
205489697 664710200 52405467 437428735 
158896181 920496268 971536640 984568427 
810791216 381068714 354083303 773309293 
81095181 822636405 65249950 865819652 
199123086 590557079 932391055 813366597 
649597822 371686372 511184959 887569251 
315804357 281997740 18350240 195085046 
212908470 688530395 308360809 616547283 
422266958 793468586 448343280 116446430 
524074320 693415484 128778226 596369554 
504182934 553057545 756324208 269153874 
247304354 4993239 270120301 510129437 
169524478 141047544 203018681 249120617 
357406128 50195415 954693536 751589288 
551987321 464772086 281165491 318060611 
844069232 197711457 974156182 560650940 
693877804 42839212 85574323 674612642 
296482331 494332108 686614574 615651443 
988136191 763310886 632812679 796981194 
173476302 781143912 501064397 405186832 
966516236 402351912 457032704 444118120 
437142760 994405518 708358257 561282808 
183287011 374096698 939212159 355262128 
511657360 510520198 181703366 973280723 
859763720 312533297 418740084 968452665 
720655092 900168969 6524985 268672490 
971415036 650432008 613581366 734770274 
939372122 705748108 14447407 91878584 
866194887 605971697 465035318 732245662 
209207510 133662079 428626170 385011788 
312205801 589225039 882443628 211176507 
325157086 935323938 968745076 631139369 
893761419 668632535 638656618 952414184 
638369286 440984726 710741824 774802461 
88247343 298008145 40080115 677992813 
587556538 231703562 811771644 929267659 
478738817 956912541 120694234 37802208 
52066135 120209927 498313935 864210427 
901953635 730781385 695504693 462265565 
601319168 879972109 159737432 570468207 
547285776 791163041 295442644 988660218 
863479527 155129797 833747119 21592510 
869987920 235571651 937659199 20788267 
774912693 432350998 96891359 958915668 
725703029 137577979 648699890 46154603 
608458967 851089127 277349364 127722268 
969579257 849067332 933608336 781696568 
418860309 279058112 44520441 825991106 
718116657 392278790 866947984 693951864 
987625694 908914133 248812986 283825420 
247425814 591415669 148320503 111453921 
930582628 861508636 169963366 168768734 
472003874 670910701 21641412 789312020 
258841341 688958548 588578407 46544548 
274918092 893383816 724222069 786289450 
206263869 620511055 98042460 740245986 
557369155 873736145 801214610 834011298 
539715882 754945978 590527042 445036685 
598550164 502482994 681061452 475246118 
802021861 95904517 420283495 247707430 
290289752 103991714 173686352 280587058 
619266735 485593771 850571322 779443913 
829318021 334405274 412201936 315137045 
339712677 278498140 487275412 91541506 
823585227 136089327 611210382 467437418 
547629062 152153375 831518925 13339824 
582821401 569800550 286714056 268933016 
28752889 834948552 503899730 398870082 
64399757 537854270 954260361 818350184 
908180741 212616386 312040519 996323042 
177326942 339529729 306433368 875833684 
851283004 983736871 890455186 126958694 
978394451 939230474 306489406 401415945 
229898844 680900255 566139896 864160706 
218150656 686271167 627921295 847993382 
354733951 649496529 216659674 855082057 
368106429 609498395 163484581 51252141 
565954493 660345323 281287974 419920606 
283060089 866973630 700946285 543535849 
457626446 958999635 401400117 824461818 
908167937 659297092 386507164 935223741 
350870702 328469898 96876557 507594244 
266166175 105744610 877158572 986741736 
66586105 899352474 575669914 539522154 
109958103 878933223 755752230 677731964 
465343909 556495154 713360678 243686884 
508731387 818191842 388393261 84781823 
163852294 845981237 76121701 846970049 
776078171 480684145 108624722 82973406 
887205634 317243353 658115997 694888989 
78840192 534007658 889824796 840108253 
568784441 800965431 750256989 30152424 
60667344 607967288 125372000 884598618 
831575682 81318510 699088917 505811587 
17663406 286185674 285850443 46173459 
629792357 251174845 520989875 930217482 
542990220 696183652 268620548 116911990 
580030299 588384482 727403441 949063454 
543253328 749549627 638756060 756604059 
488120227 455056523 358526662 220770923 
918072757 542302520 568024038 798364418 
795571184 646319700 566675388 158696651 
84159281 12521811 549912793 492688308 
623891979 769135295 106319564 728583836 
126178975 213189204 558748751 24716006 
352301331 332741511 686080713 288708471 
693315867 47042912 726001397 1576211 
453564126 562122123 706637907 967308024 
916611775 916432996 268687223 317315137 
669832799 587908982 147974715 346281294 
535653577 418331261 789401374 878436110 
90951025 100460407 451408651 84154785 
54632322 950889070 46504959 162800939 
121389692 251403364 213095108 942257815 
332598149 473264752 650217305 434537969 
68748285 109747516 796367520 937354224 
799982365 772448951 301429573 34519761 
789435472 828645910 506152338 699948384 
164630483 219082749 302741577 66625637 
364178811 351304325 390174452 194394970 
59061167 134613416 510046312 666011261 
233368366 684542062 721656055 838547407 
940746071 538986931 987759459 269012506 
97893948 841744525 878658412 517155133 
76898481 265181224 612619849 129556614 
636207705 539794098 440398738 577235740 
36603676 708897383 654705995 267472552 
125595815 846149133 222052968 262713960 
984779881 119829074 165705252 939892417 
600447389 805069614 523519460 121749836 
385974452 749064882 660267178 304212712 
59771319 877299034 684632376 949642536 
953776756 618267160 342562696 994575400 
486267304 789293599 652818094 890001963 
118630700 588014895 117165007 296002153 
185349005 115661757 44571995 969370658 
966797909 465184353 525541438 965844404 
392749216 811313538 406830066 243464736 
272351084 237884006 499720578 462018597 
434766039 516364158 125316376 531208349 
547392528 987871194 744451741 343487705 
938573737 23457629 277054973 854078421 
279034286 342689621 281392260 895268758 
888917086 611214515 449381937 165906506 
391649455 663233574 258047917 779586375 
311112728 436898265 237002881 114602034 
670951800 498855419 496774 793323335 
35031727 821719440 479086444 632249407 
909954138 956782209 319222667 713668687 
26857646 631171741 36187408 644027501 
134555368 711395352 825508121 436372202 
623246688 434200452 903712880 459724483 
833650361 829932407 49669692 15110363 
492198575 597606712 246135318 953287632 
614489169 978946992 287736183 337779917 
238347656 79327144 783870853 636381458 
829423835 828457211 935589603 540676784 
184204388 440367078 244972819 325048884 
542405348 125792635 678881656 60217125 
814535692 925199903 869447466 431260257 
218725935 246868638 796949700 754939147 
562129069 431518585 251317288 934512095 
405962103 947220966 960181277 17002694 
837897617 804580549 741916859 928576021 
161259186 131623463 12090155 375057107 
170778789 617154450 593466447 285387736 
430721991 711546368 884544152 171331779 
794702492 333527619 836855464 881571322 
151086488 505200548 98579162 523265553 
937297778 515266685 946316525 28404306 
127627896 914133664 77378690 518043806 
301992562 706185146 726526430 406677282 
646971837 648248762 362615687 614030505 
251820893 68253652 303757597 539121931 
930063153 82344913 899363990 293150962 
543637535 154037006 960641478 822931991 
987989249 212296917 719685051 559229030 
861673183 980674499 202472124 561693586 
263940579 186742337 66004329 474462638 
980995463 647953632 391175852 82040637 
219203683 45123447 145283316 7164546 
770334916 334541272 445966391 496251451 
886160538 974036763 897435911 279558822 
82458448 568746500 378216127 683661027 
641453604 662991046 450431747 540013499 
998620244 303131386 390171385 264377024 
450136428 625574512 976694817 12678639 
98511299 567427049 81743638 105036073 
748635356 103655058 261279323 38359436 
625244084 616630965 533080449 480227911 
278586810 883463426 155397187 606009701 
208986872 615254610 440087936 516582359 
950148428 495871953 263852026 951102383 
116810955 884444735 185159165 10773746 
582009625 398280742 310420827 353424880 
474606038 237574719 960163744 878033195 
697308392 982672558 287250401 577039642 
406448831 548382964 589288534 695855192 
787169113 148250062 841067445 37209497 
830321999 691782367 541754184 990610648 
112772345 376465398 568553876 633112848 
837760381 151429511 509367418 439756647 
300572105 117943157 184797009 501683089 
339280137 747200190 383997956 409871996 
908988635 118613370 446763445 738824720 
357850850 620241380 101238523 827351688 
786644369 778084806 791725204 748708246 
74195984 354061316 10241935 552428572 
300509612 635373229 900107610 543704282 
711131770 284835341 18498990 553872623 
186762986 486799902 172153698 164664543 
774269237 519266386 442910827 610614423 
410595489 644864663 79740195 247692123 
439692763 369722847 337197117 739502018 
39067720 650345113 596759373 441763837 
627975704 637449742 654662109 936635073 
375356772 340880896 361457942 890076443 
524569885 228728266 366147679 899354863 
707561617 643833307 654722325 461625519 
559940529 323426089 732906162 567834498 
943126458 771766708 98395597 863195842 
809699650 786600818 711883228 318428846 
527765612 818390238 795793846 733724965 
321330914 859157012 971647422 755866769 
984167621 214713924 428070768 351757205 
870474636 723018460 883778592 507042748 
820873927 502427053 195891890 530374980 
494416840 836188646 360661229 983812118 
528491351 642315576 264837596 189101696 
592038569 672678766 536178931 322547426 
399855006 965026012 6731436 624225345 
842102350 960405815 886367705 33205158 
687470020 294475490 623372688 196909001 
619395553 196558520 260875532 450148375 
941947457 627872487 157861918 467619089 
373572290 666371794 703542037 347621795 
188014115 377414252 753742425 162819265 
429345556 308076942 411889970 719026382 
553849540 883194342 789841033 697482191 
263917251 318420530 350474583 78955672 
73562556 300295001 739754511 850573554 
187784911 588835111 708628918 59253784 
608446166 11164405 498924657 292992103 
845914216 112006889 517639202 658315437 
536835801 579679841 946448841 686671962 
380595517 740723432 606733240 748561604 
961884651 770915991 186533750 357521631 
611624741 78598680 13061915 998004847 
325834241 608506072 656221830 571416115 
233084964 641651981 870637981 108866802 
341951777 576308691 810763262 382365830 
70470642 26711921 842173950 630511637 
904794786 522257912 78019730 351624093 
413350111 577301534 89256193 919396226 
31370823 727813666 499134229 314295576 
588753163 472782669 60659394 793188318 
390448777 735036970 336745818 525325423 
116186331 678542352 143829915 945190792 
700611171 104597575 670965845 864050074 
819389112 307093568 59739408 286048004 
261544278 778474617 805648248 303664784 
965254587 734467572 210199825 766300171 
550459165 398956294 822476277 497748057 
818321258 174204602 296280442 722378526 
471474949 630323039 904649881 792324166 
335338494 553331452 231048965 759581164 
978725511 674222320 534356011 181893236 
472979837 351413074 29345590 914168359 
171160161 505254302 783489417 562806669 
896409930 287429368 532227065 467670546 
827904012 41814297 776968505 180370145 
540946480 830255296 363335066 130092006 
543500244 578892352 475651017 308764114 
762335597 278227923 14085569 719868375 
899984584 427153046 1165303 202778101 
32954037 450337970 566120216 679896478 
616928171 522556453 923549394 264227024 
694943656 512898869 856626077 47797033 
560961933 695260499 313625884 122675637 
739789856 707010183 291437834 375983462 
218694968 569981058 491701145 989829893 
12565991 541393610 498576105 802118052 
534323302 153038527 851246922 137454299 
188576269 709447493 484128973 40135394 
992879380 664316419 341338041 634994109 
417334155 605591885 137083505 113143822 
635132235 313688006 271887173 103527174 
893177874 79349906 945190970 340832401 
441216532 92686606 824343917 71421580 
507786088 810050702 985135817 450651026 
92907705 460554363 483148846 82133507 
406722134 633231682 705076896 156973328 
822461745 932417871 828445656 280194282 
392734564 455010037 557333338 482982618 
163940989 337630852 265432908 303084197 
34510400 628912985 6939297 644799864 
470171096 468156660 502402403 828523199 
168533302 588212900 293315671 814421504 
777760487 641693900 710314523 209143030 
494733941 676609014 727569869 491384041 
725095913 236189947 102643826 779056915 
120271766 694735910 294777519 105773386 
480846803 694056416 932313285 594408884 
129142176 528420186 121479484 991712582 
760218640 621626566 532537776 851093317 
607546988 155866914 499113677 318541965 
883805136 552938389 212636054 746317098 
869465852 837125329 668680186 594364229 
387874218 328243500 496949035 377864796 
408273483 681657838 999455505 949277829 
891623979 843263441 56285597 620388873 
562857129 115433060 472742484 143206357 
69460303 371406983 472632946 469157191 
750218751 787725126 627329750 430401075 
72856478 413186296 635109214 124524915 
91602544 397002441 715138762 85686668 
853871118 676223529 274268214 481115695 
754755158 440942246 810958204 846691014 
675168727 141788651 926540574 415766298 
664473720 202023562 958784967 28843255 
95240359 427431575 365181029 727675432 
301124209 597173421 197947556 788370942 
872128261 292899508 408725196 818421611 
501692955 557139537 531318029 639531127 
682341407 465412554 154690121 416103448 
934476933 976626074 697661339 674075081 
327884971 467618654 536525959 378362065 
231483278 490523885 114169498 576756369 
766407548 303620818 939212968 355614434 
115086373 442019333 453345770 40580984 
229909080 434808745 778909246 810339885 
687321749 612535491 65905817 749768289 
62769124 85404613 609050509 867126821 
726228869 312593316 574642671 552953910 
684174153 864798451 860996792 612561159 
358157088 832249783 605678965 669266482 
883259371 973270894 889083146 88143341 
436979488 33260900 274098407 929479591 
101556338 952778973 540772944 505002132 
215201562 553677753 526980968 593873670 
595042269 446095781 61498255 345120409 
598025952 666430011 410945734 593800903 
544946816 809040824 90534595 957193337 
533678397 144834529 240410776 471502560 
381956740 933213932 636152100 338162488 
984647457 129923766 323589783 928306928 
929133130 35900263 815321738 89538616 
772298280 71059570 111342580 404902240 
324495674 191090418 903368407 237789035 
902970909 682481416 975941058 231793105 
703591222 915429682 725957744 631779654 
509790936 933402736 214978476 783506783 
263435994 806454531 175840386 574123143 
119613791 182749955 550219236 166963543 
284417993 988875794 950504022 544734449 
512749463 472568873 937057310 268295129 
587786874 675032278 957805493 764052445 
214843165 745631828 239788776 453433464 
842395477 859004192 725591919 99725832 
958088828 385461204 507458959 996194412 
819513989 194265049 360243618 627734189 
55418751 279365876 97440019 35771101 
404191407 88201124 687097973 712059584 
215998556 419448470 361932533 97285873 
756800067 375368408 695460337 957621142 
296034018 366637416 844529777 391607255 
394383970 247502314 496976598 64349190 
144256606 75839418 590201668 157336453 
80682680 360760369 658344931 856407960 
326674575 861548139 792859791 519634875 
729865848 780727587 273777018 219547295 
826296287 811306040 703067855 181736651 
391308487 247408683 290566695 401651566 
362976551 403900625 648986930 751941754 
772385233 791668560 700953164 33513147 
793179278 752205078 864249406 452255218 
885671846 369219341 517214157 107670509 
985187096 360018967 252282801 791876946 
354926445 702439709 385944548 523718446 
765046565 933744904 698790908 129868363 
748896644 551192324 472689598 72359112 
242783917 689511336 565737697 294256343 
871403740 190736580 509215491 532238233 
683801489 629349573 820807854 358610664 
504823455 694031593 448241357 466478521 
229808611 671413653 832936485 994698455 
627343299 570890943 151358977 833831537 
944471237 231151291 557565529 951107023 
741538080 642684605 415712381 639977866 
552125766 224077411 262360579 933586711 
540815315 445766078 604909747 485867555 
546443955 419176515 759696770 47154268 
826335291 65117834 283837838 361692056 
123778850 401696925 259563756 146063176 
649841273 505436210 714171832 717527231 
503317908 970547727 319945720 97411256 
220778820 57895199 127620619 395253500 
169914526 851409283 657320584 504565547 
763522809 541685678 521501700 50331442 
417923135 67048748 845358749 826528692 
49204728 120934637 441426619 303145131 
720509206 76379190 354432439 421737178 
322912957 255915923 178422423 428686904 
914362366 960746300 436405641 557474935 
572184191 222002141 615646760 806362425 
743222662 733087884 804101551 974643613 
140834665 65146012 961833149 755330054 
480158071 495549652 787632492 917301212 
439327912 384489131 784291761 944464302 
315557227 115501442 807899101 391535751 
766001790 543564403 656232439 497864252 
326194105 764089261 814474162 644335713 
107424455 390365261 134790019 233607531 
698737119 690510653 351029924 449794422 
683282286 419836554 366737511 391364337 
38749488 365074278 386456018 584617300 
930003934 361398144 550913688 356454108 
116378703 799705615 828207536 235334835 
752891612 452871746 684145607 32803236 
164032921 846742712 16259190 773793914 
782542905 478226549 203983105 577702001 
386103477 970465052 944759079 551406488 
625047360 262465389 124990061 550106181 
316930402 390919778 253836323 489074183 
960186549 460745560 561663192 35574240 
391324500 112568749 906137199 565087568 
717478617 305109526 423752960 370829841 
604979920 991835717 534962413 22630922 
770356701 594858480 118980328 938083107 
195806107 774722172 55685593 339339452 
498947680 634166188 97201863 422276876 
190871351 111979664 932311294 534141273 
468203520 426315204 521073962 660111066 
522663441 854228520 998146893 940718292 
479396814 684211920 189142733 87699474 
450563803 885614702 207672176 404956113 
81213466 965517132 916189300 949046062 
883572803 49670484 830290349 471691908 
517792097 325396420 404434964 463229604 
917688459 986591431 627844900 557325328 
998202251 785140522 270319085 520872660 
962998328 782737714 366310144 852920866 
473769120 719101359 999009877 36858227 
695654665 32362844 235120350 226007372 
353438597 495394722 861407141 785612812 
894809256 481208895 611439407 935808511 
210151681 311025714 83230577 277243421 
130337585 368242718 354839760 494836776 
415430178 21719343 627079142 782646047 
649520407 987265474 527290148 494788204 
991166084 727545867 872139813 716659360 
912748038 100799503 214925658 836827664 
918117816 539840232 71336558 141985018 
415541907 328716408 301941245 250031048 
900798851 15962639 15945155 340104767 
215049567 37943124 157539543 974750184 
