576 6 531 4
733421685 955196302 958664643 887874193 821238906 174452473 
941375054 304742555 54835692 530846270 139973492 912172288 
830973130 448909592 809270542 266075986 226157761 619580254 
70581416 874074652 352769260 144869649 66863366 716273847 
189948137 682222703 189588364 520041183 930796621 983771043 
968971782 332369156 792427430 302074387 237635377 676902144 
792089021 615853382 121315374 226659643 386779706 746378457 
578325709 981687740 258169854 13203085 329769444 948288942 
582761892 298765585 536924134 888038890 652776392 912850065 
119096517 262205173 440717924 580005917 555259289 872817300 
703840430 931036893 495610579 114188222 741633630 75394886 
712205902 62757982 584217544 402032838 264211839 877664227 
824438245 250926713 54855617 194938889 514788827 722524337 
184435912 149535024 65165791 772523027 20418965 669969209 
601020184 295685464 350111027 634453734 294043481 651801415 
530353510 150662803 421227184 577770332 45649950 623347173 
99812535 980311025 665940303 92172654 26115520 557028080 
410489902 244489754 757653553 120284847 907053627 309289943 
192189959 413965823 929577151 9351265 884292923 824090397 
456029556 185388633 464028930 184644402 548517770 720470753 
350111208 895334078 725378223 367393418 304972349 632297775 
17050644 127326630 34917212 447412873 789210885 194007903 
289623746 468122390 793282928 659900563 477890566 498278956 
386933222 287647630 223306877 558478168 78842173 88806314 
223227283 485202710 640282363 977246556 868449690 587979816 
182331691 40026843 907699907 56625473 793387575 697308173 
2292151 92882037 910379857 760112233 441793278 487612907 
985492395 38063275 162321802 660038257 344182282 195807426 
882768893 8791659 80057726 399802065 544527093 684780982 
408631943 646638415 842579513 274567974 912411806 427800789 
285275144 883863327 319105878 718114819 784601125 161145339 
307557324 365192197 177712162 659279462 840357826 812087414 
419554746 638079458 281933601 532590591 150399583 247750232 
133260521 193101666 859000322 880118055 75213368 208487145 
291878861 610430550 819082646 965283889 668444765 155812453 
857650112 490777015 841913346 778191187 313687482 41297769 
317287571 632531599 492500929 800994503 767085562 776320601 
393779654 808297207 69576514 351207797 174416768 836714748 
863129253 99750859 316581686 393707241 36290699 244713415 
180395249 947416436 196311849 207867453 179318031 123599484 
105596253 612998367 706417202 729644247 399533203 331068914 
540698623 36511157 738326342 411797445 574023775 454126882 
960041729 335246763 564642940 241812515 11498606 109061776 
458644809 308102539 844092873 549320378 147038316 76531271 
762098078 96154816 490696372 834576752 29903428 594769855 
946254539 351640002 453148357 22371435 676757798 868983622 
661352071 503848493 824826468 784261430 946062930 156767781 
345585696 699655130 359021243 586837747 805174681 549155502 
729633201 497574095 230350697 8213925 840666523 825714913 
306905210 755402518 12968858 278939305 413780290 395314345 
557269034 3659398 919170684 76318801 472129220 17606412 
186337599 215410114 822853052 568381411 622271216 628142458 
574165148 299993569 866664586 962510931 103249420 867294935 
762319552 689354483 393610338 319318172 83843576 966491800 
155079896 555321521 222074996 155678441 784603571 612356387 
494112473 208190255 2517332 213309302 83118100 885582018 
812764450 68706358 653141395 890289458 185274156 235567223 
486710375 840277600 556778889 696556430 785248581 838706414 
550635108 680106341 490947438 852429947 927832342 399490732 
683628657 344503767 964143159 490059636 435888202 989567660 
731145894 751114608 680404325 676233725 423851583 178413618 
332916111 201071780 432971187 638058316 808057383 220590363 
308553467 535641522 898622707 480602784 560950280 79656129 
837896744 760677999 174648622 696200775 132950447 380725156 
556598011 671282756 30391387 200948617 774791836 842806710 
765516625 324654531 958473708 381095583 654619411 342536999 
726529132 394498436 46960696 903533674 967126225 88836551 
784708653 105103321 48161362 549070406 128940594 437153163 
49425603 678323285 122944417 163712211 935017442 450184742 
112810104 7351419 684146309 917980675 728213977 121941153 
453240405 655483747 82190678 846913091 856430111 684719061 
617761570 481485102 855629390 694397106 182915143 230442565 
917913512 919003160 203017618 757350426 564420269 228150812 
991521334 532049063 631436175 196910068 691271380 239411682 
839137618 172418486 882181840 31301677 890117142 685200860 
549142826 169897199 527739742 244078340 472130284 201717693 
671986615 192892212 653164689 679248395 497576142 831321146 
243051918 434587265 27644981 554200444 189321295 623591394 
184441238 158960101 184309568 591610166 328196250 700975000 
368640431 197191236 255513535 528116222 898561248 484741624 
456968687 822636932 855742229 125506932 955961223 962654800 
484960064 456978151 530123334 294247455 295161708 818919711 
245249170 192534598 328749081 661854251 338134473 641370286 
497640300 876090918 700726762 347544433 790005555 324307198 
190265867 523751277 28948527 656969966 339585787 140371958 
30333453 927815988 830378718 108515181 921131316 829328251 
511319066 724871091 890097879 166683830 299945429 68559260 
588799888 685616727 260802420 583060162 438442001 493938724 
300761200 342266598 341902435 962177975 293118999 127197827 
613430487 539176255 102343722 759025734 932879315 529263852 
685706894 869201391 23205013 952557967 439574956 674869098 
613745590 871464010 313716054 837052424 791426931 882372930 
18454354 807120003 822313274 480251717 131436165 448716296 
340953055 377463679 86143503 166345690 434349393 821073359 
114710722 536403318 432335335 759557971 361283039 118268382 
776877448 708089251 346163572 317356100 658928472 318281563 
159958375 122627341 92128054 660393315 94251275 472341755 
940775702 643601837 120133102 692717933 688152814 132071924 
556148304 835688421 545729011 84299061 560392020 496236077 
495166283 105399966 693402332 206293991 771006489 883516238 
161116033 703423663 702954487 572801031 306571110 686614102 
30834933 496058347 660389153 960744657 476288595 604658532 
263810423 105059563 614669421 428014437 681714753 514186955 
245760439 646200372 364991224 24386340 394659014 798129863 
474009627 894605018 225548581 365225327 152483438 66162149 
936773642 471688195 993650741 6701572 252135339 736900540 
245916071 900065837 874554313 385688795 586705735 886050785 
895180628 313355251 567438561 30277532 333916751 851878914 
642550640 875706577 420420152 626025928 535420499 625378332 
181040901 266778469 968989540 151666462 151208644 420618984 
391656248 334031943 644251440 810672838 256119902 676047412 
470183976 301463750 890562421 642734108 937501269 310753817 
823662522 155427328 943020945 57843489 127316152 732453739 
619976750 735409585 436353902 296152201 736855840 594222680 
92611386 251784057 750625710 541504232 263420722 665548599 
679210864 844770682 416876390 242015831 306121615 743991213 
206580665 101347366 358542774 798050094 569939718 619439331 
724444702 15487024 979302734 297029824 928663892 458085191 
964367243 713492326 339610746 220020075 615684964 21924806 
345789457 845284175 312421185 948561572 895934071 127636200 
168873627 143766765 308936137 893397319 977055405 957698196 
805440204 354552491 845170064 970153134 129061344 208356664 
875580511 876101572 735423328 178807361 246623727 267098916 
742582028 68466678 600365804 517535979 666409404 21286177 
580066398 335162505 923878103 406086096 717358229 984706528 
647812575 49022861 677618581 982267948 812843380 204295376 
699814638 689287342 98519374 961433395 472900121 801780669 
540319827 964055120 553657474 314323936 15475211 616019220 
72482275 572506193 951255172 785667351 882183119 376890740 
398971269 358992271 9564422 913013523 395695588 436219035 
972542357 609383181 629684244 594950528 489153360 459611495 
181400076 834651159 160812130 202908069 751611902 716375291 
370719711 784672621 255653866 280486355 76362298 250810122 
715813875 773186292 252027064 146337480 519320638 769924285 
709747757 196649493 409586928 58632367 302932300 25138809 
119362013 13644990 355533598 619511948 155120076 649528699 
752232039 723875409 201805222 784175994 700429042 600062531 
260897712 947313633 833526660 358724500 193644305 468726882 
713286684 447375953 411505944 126053490 700794346 990551176 
846268806 278241274 127013935 799090724 830924136 797287021 
539527760 298438130 480021709 764046227 719446037 710564837 
175433778 170581975 100607174 209877614 124664284 453875705 
664207881 137525092 694398018 190577204 851601872 656932771 
920332428 899284231 989365609 981680197 372816565 769082619 
671412600 374369830 479819811 877677873 327139404 551199793 
450726236 475942859 511022111 640980298 696175669 291829769 
617315845 403134223 714592173 518516683 641230553 686120595 
915024746 594308992 11242934 447232362 772913172 872373898 
400994808 860116230 524657169 540760773 707582419 319550541 
915446651 984619786 460460096 6193575 328797595 456060634 
519202173 665255133 493859433 260441788 825443464 418390488 
711660360 742644937 843486830 480935512 501551354 472213240 
698798744 256791689 721987504 297164412 885713170 67484457 
139741826 453277756 230882823 315247385 25926337 354459242 
318017630 527926609 356616248 831313447 276291869 528008145 
129220417 486833614 430130135 849812709 347609337 107895931 
991791005 923504590 145401951 832416584 986271704 859684805 
992566414 393918030 198550295 41677752 370442021 178715749 
162201216 868461908 746384409 417717848 478788474 652283972 
517008643 773751381 959074808 575875835 128404989 26115012 
396357005 874029701 273868708 910954091 368188748 967625603 
971899796 953200020 985020483 307890384 430239484 465388434 
180035059 840646543 763868290 3852613 750432707 562090351 
921213799 191159705 513018531 3971028 204318432 770287815 
586299874 260324019 891307527 92055690 403400962 750574222 
175334152 424891193 907586740 50001103 222799901 106982286 
111434600 398549363 946718334 873868443 190253940 538594398 
43996811 394988799 538162744 445390737 510608695 569203445 
562695775 703999625 341613714 622258887 876285899 517757194 
379209329 602944556 402191637 649795618 841389116 241403314 
608248252 992427922 652540909 979967681 491739722 429077373 
190633231 72768328 148451338 743010387 776499991 213858031 
420370772 677081418 113408012 730871982 41906909 931316948 
328630455 318916287 448879384 252835147 665557951 635997242 
485450082 251154943 53226765 55802174 161696872 216824350 
724643592 188155384 188901390 340181164 171318200 370759404 
365996709 54164721 931662740 34298312 414308422 726341876 
871385062 910923930 478118848 222589146 915485376 625115212 
578305212 478716637 252954557 382526772 134495425 598115138 
524819393 982621520 659144171 861943473 689742142 560548722 
679554628 227336641 987097284 361320146 197131777 298418518 
68237723 366928144 931376498 358486466 823248597 636054114 
548210155 341852487 438725155 348933508 468548829 952188893 
791013391 81837670 268109832 531494702 248631539 241331495 
670536614 127926293 227801761 59921841 897206504 614291988 
425024797 762634317 360220812 984737290 706630902 82901443 
381319813 672380658 65485503 885794743 282340671 127558177 
491212339 174189433 194560176 835929714 775224569 450439795 
662616039 522685548 738610055 114770176 777492414 967621992 
937689866 449468494 991471805 23829045 873911915 263538701 
119962281 807853531 221033896 152866906 945471078 597843843 
605939256 612523031 789165728 208157528 496852201 982252426 
719766306 879052107 595122840 70107965 959742932 364794237 
512886222 32568145 655164728 706820038 725508135 410460562 
431453587 452603404 756578249 99931595 54608463 170298381 
758327264 128382544 770199786 449757417 354694406 138779728 
693266024 848930354 809528100 433159585 493030957 478785323 
338996071 335447152 608117373 812263567 879668066 821725670 
829150528 715817742 640776442 978463549 769877240 970159397 
990717751 959121851 474974451 232844472 908695725 604241003 
337323900 710483263 540812692 458312614 389433521 136339836 
829872105 307468161 207251367 972294728 612775786 175350707 
843701206 945487515 38261333 693295801 188681467 692076227 
876856444 172636431 902605835 660983202 105903134 140735464 
419369495 418819468 931258099 585400478 414768315 279718118 
126058807 214615562 67738132 911315887 564000000 730609116 
600383958 621424892 370124377 980269863 985300480 395598584 
134630770 192742472 190467481 94644244 957470142 481858774 
507315458 336677821 968740368 770353970 262459429 237544884 
735122473 750775760 436121118 431795978 134750096 100912884 
212733951 634782899 340878442 396212807 761139021 79203250 
681121080 875089800 549480963 30571203 458468117 435892720 
319420742 783805391 314412589 15314545 813658420 624103352 
377858643 649031587 250038892 823377153 969945046 197728975 
257372918 46595610 85213977 467019936 100802400 464288891 
421967722 13386589 539489701 827272470 470034583 143309950 
249294769 121381942 637498640 763900272 570762253 943771482 
456506192 854118301 471190674 437100206 789127345 169286199 
964508834 970123994 995096019 738439236 402135892 220834473 
561635459 653800806 336250494 365897504 916049284 512064168 
192362554 891639084 43235340 108248836 760301432 816283990 
732327075 398490350 8786395 170317398 878116590 150418630 
67454997 977302218 583369234 843447226 102782302 547533075 
439567813 228757567 502098667 983623399 34394540 581475791 
302751846 787225038 64928097 188640950 226420291 843943574 
716968016 334657068 573118283 774705525 74249435 208795416 
25797758 953933306 76701152 966903292 793181615 409140158 
28843041 992089442 604356142 637008733 45521888 787540537 
812618027 75060554 691703551 860297614 584609926 96379114 
896369476 445924508 952604047 814162531 430135226 904985593 
179892463 906419576 118848515 860934107 351814996 300670132 
427844431 948336680 733368571 113873916 303548601 459389467 
175668112 188550363 756867392 344359854 523909372 287125679 
87057464 911118120 777833560 47822738 284248124 197215871 
127997546 921313574 117545866 153832435 74232459 847470547 
712098665 621811206 794934063 881791747 701186319 563066423 
241609211 251460249 431802186 363292125 310132476 333116689 
194587428 745663647 729626398 212260424 79941207 506313471 
322206334 598225364 140223019 655250893 320313745 303377990 
679796641 606525870 554932065 976454843 88702045 804088823 
411722266 310643817 408406240 131133299 976889316 431804149 
139651517 314827829 175002388 323887113 803000825 354531899 
235999985 273320406 724765045 935824633 421219212 167148975 
938540174 182904976 108240613 620109875 80212640 4788535 
38788585 424269568 657216531 661265443 704880258 9513177 
59684848 471397274 62245719 57251444 813662893 394261384 
564267334 722988798 194728911 591189228 734185075 45667345 
174320104 398727082 933911616 163990522 487296637 178751587 
667308006 831814262 966133978 950465514 249745827 172340698 
412127338 85111389 630749665 582031944 305735105 440918499 
555502345 824210450 389561114 306602709 148264359 27826984 
154136685 972012931 39807430 784908192 730130037 675727491 
475732712 228651167 947913899 110582988 585681062 20699867 
411110053 302439472 262478604 669217131 870413691 312193684 
986806950 618655362 376570043 598464616 225460825 943153961 
688630097 925449253 239225156 442950574 93206141 422677509 
95396322 322367229 652994424 689452320 181438490 669665040 
183941822 789765653 420739640 694599076 962998016 548080363 
868328933 785541003 82790991 69544214 310492573 498321463 
189798146 860622186 350424681 725874595 446681211 396733506 
416442420 923899242 908285315 896168703 550922706 875216119 
342596288 624930584 737946556 399261025 857473440 437122817 
540004741 1617601 507653135 427535618 798971777 257078882 
975671713 572230372 793282083 106873668 204010320 578840095 
520878521 653220582 315660736 839673517 732551205 376061394 
591021447 148275134 718644227 821966380 434838834 510871379 
613228203 187456735 398821606 575654250 573804887 246083197 
142042612 744223103 872507943 968902556 841383727 963607265 
583614740 986873197 609847859 770470067 597241612 50302642 
465912815 382524921 981182705 696679504 746677406 990795611 
571054265 958961941 99264886 485537368 812357316 994943829 
266821617 913157683 219854910 183250243 941139102 309604759 
167473992 951385533 578583712 302207074 723583090 38342405 
843219346 3345878 957183657 554590473 532849114 600837407 
635387156 685129292 213564794 788001466 878119611 797883864 
417183066 750765240 690017013 361192534 418529543 944107253 
701045020 615111500 779804922 582568897 925977369 842931593 
670244214 280669322 245326762 826787283 274995293 557227745 
163091890 918235955 709988428 546361377 718706384 596458596 
968894488 705619238 597129390 882973918 365327731 898233052 
393360976 840989317 364479762 605840988 761683190 829384890 
43797902 556085292 199057013 718730071 956945236 982184807 
770165778 863450401 522584947 821718805 238398102 617685315 
642671073 908911311 457705350 24424679 958744719 603095595 
140530091 724038716 579502595 738792751 799009012 496544082 
364375895 789203364 843989697 53144227 769578583 645438642 
131041750 465543835 5344872 68261358 541184753 384328041 
403088103 917544231 660917478 987716162 776030245 22236773 
800540753 370403126 7004283 730594454 357443242 820454352 
796910815 594762475 205659774 25788964 203972181 845343924 
620255862 175497364 379560633 247186238 354119658 206861163 
924046372 634120137 951725629 154003699 244674287 735145029 
39202090 25321697 879122017 896819009 166124333 711101685 
613553728 384844327 391695643 432482051 849946602 483554442 
812698305 600940891 418291807 267426177 750434431 894245317 
452669796 208534891 260962214 663700524 373238420 800746832 
55207947 676015567 104780323 747399453 993310404 31498564 
815453748 832489500 32771137 317320795 246065717 246699432 
232160320 284276002 456825393 363810552 249188438 296018 
974960393 666371851 107965057 788832602 548988349 362541168 
632991474 289036739 209175478 435624481 739055802 534411466 
510361164 883736290 358646289 856315964 289707868 929186784 
819817519 86707466 899375173 429370793 4079513 453235500 
252216860 441895316 236652445 68522494 908297113 730747087 
427660296 787273334 664459623 104742863 736630584 318908928 
993004821 95241980 487259081 870783773 356353071 140582732 
426007808 62531001 910874635 318305308 336550194 698490511 
566672601 457573270 60621632 96261141 370466038 625357172 
344174466 302842979 961936103 280887538 849323268 4840076 
801392736 1701778 622058156 242712102 589572338 499649588 
867392199 822387998 970726663 504288591 554963704 68433142 
311930300 879787261 129460177 467499461 180078159 394819653 
606404321 770589337 597005329 606237592 662068403 706929912 
850817282 19889685 114373168 673768674 400966546 548597666 
908111348 55484245 165192522 16315818 14688193 647324700 
63192538 56639368 541631952 451241687 399778044 440961678 
482903101 47078967 622396186 774590829 523143304 590626120 
74334302 600693645 103049839 164674075 959977959 63066550 
48765017 201534176 963859981 474649631 408167814 227140155 
28301193 919322148 842792188 938514791 642262813 919660552 
506438104 661971243 75617647 178436035 542117904 983704400 
524116456 783531701 698804466 178946445 373286812 331298504 
223013414 125935722 147763727 498044029 303148367 11313032 
73155811 941971821 278955168 715335063 611904499 612539784 
315471047 237092989 913022007 386923732 231020486 266079171 
646388632 376220119 540631819 838682453 717926796 3715322 
273565221 978743921 943888003 119058766 510468624 625826497 
887965543 224602413 109156415 380338585 343860718 554453078 
542741134 941252063 990438299 626476526 543283671 78025065 
667111658 833203475 490856290 283871740 64393479 778347131 
22394677 641395599 286327886 710976491 959558676 152969233 
355087414 473101220 944345597 316123624 892860866 34202025 
162896043 987603189 109441390 930138794 885106697 246001429 
575301965 91539147 984155559 707484024 243184138 54248406 
146440229 905806779 873741259 906764041 935634994 221025075 
296225102 13690618 845331819 963034386 158195982 51022038 
315862755 371195507 526272129 28028726 964734218 918682954 
606406596 355647455 66009378 653616473 731814686 865071431 
242796242 902676651 402510837 305947203 425119263 467729095 
842903941 808455832 135773986 238598671 392258408 627774417 
622664005 441400232 524044653 910419088 585412595 633166396 
713681451 109850664 427917122 848464051 469588470 85952790 
20237562 912726232 944958962 504255938 2142837 629542263 
849121637 367484762 926868339 37217324 44328198 22692271 
471029308 56858887 639460127 82540553 596436081 787279694 
836177088 105758229 115775594 545653131 413811571 142044738 
920125811 600176273 523758757 750725239 680788524 33182695 
941393346 722667708 860160631 814474259 895408113 685979719 
382584600 134192450 399666473 766099270 207322816 477150419 
677497975 583092982 339757448 164368814 955438490 351309553 
968744261 917068629 680306660 312587003 527858537 393837905 
686437597 13777389 271381924 484398364 637863464 604986946 
830196488 485756180 709216979 835248367 472161943 885630926 
34641926 274199508 271811188 925208207 264303468 806553964 
430114957 29063869 407493693 982228680 141097996 282349789 
395427514 377890891 407807835 942116228 791914458 208235226 
474105352 905330117 494253152 979155151 397509462 633122591 
198348409 494152245 637389868 804050500 469123144 801594441 
546978466 334351482 688073824 656056848 742445992 401710991 
413764137 52565073 859267631 13551537 174883137 472475711 
430960303 780074495 928980277 778271711 202816424 232938908 
62442789 356440157 958699790 521343282 585936572 658632098 
922488672 912565789 776834362 277629036 478530623 86209791 
703720956 457850655 515642563 290979739 388413942 961343544 
582822437 834345249 803540127 847504516 695073843 946339801 
615566453 187507088 497208062 986382435 734889763 322741187 
922079984 863628818 469658944 306305981 333635540 785055506 
962847954 600176738 934229703 608346459 300186899 154003341 
182431549 938847726 818290778 920894793 325865882 898859568 
897226970 987837149 569250326 48730634 378141208 163082507 
341377082 403286270 307775784 469964176 138656660 938266242 
816952519 576425146 457697594 169244937 934017590 515909418 
633857972 772764285 640759988 105423497 536308266 955390712 
952478761 227785705 627671862 972940852 147281272 823448824 
582405720 116538552 58014937 985651133 978686570 312415407 
668502534 603211799 947047196 290221441 559661205 317907402 
710167005 666056162 942021247 144316556 997864918 263308231 
252458183 686338627 422600061 223309976 282380478 502710345 
741165078 623266605 177739897 389226597 45931440 621915708 
947376008 728546041 755398259 520554196 585987919 646862081 
365151439 991889576 679603447 893046861 997736960 212631657 
613686822 512437497 243510455 331941874 125731570 880251608 
431838166 447676386 53436110 352553529 492048785 618899462 
72349477 286834804 469012873 561248074 754963915 295392860 
415415094 154181169 223993866 967948736 670939840 576121376 
68317761 540945648 940975922 727965300 794075468 754604305 
676905946 142913135 743343223 671939135 470353899 651536733 
199141154 162076249 735558217 350979276 677640225 524358362 
350797817 177033168 886198152 105029191 471931792 490098863 
766255785 879708159 176556738 221373 259054788 61097326 
657786088 191783953 259354713 324011425 699603563 752663595 
941921587 663896718 458521518 534227126 583603416 167526870 
532038761 405420879 763662372 458302582 710228964 495907745 
335637099 222228505 532324094 907119925 806214436 97193955 
132843495 844082583 56194169 709250475 812185772 52588553 
841368227 668443978 154549959 952491685 130672086 161137416 
169813955 738903440 523633422 877936869 260016882 831238610 
926042201 145296270 163652223 848673786 656082813 562805495 
966108219 206658387 636623258 695201478 344038882 147715932 
726188751 535463958 140933124 814731810 940353156 466154735 
12695338 218303459 943818218 919472979 319890966 832388141 
761469595 90326266 237116154 588224042 8641420 897179121 
774582146 825311051 93727861 193381145 256977935 685216677 
319407082 270410294 302694259 382325949 119622338 640648127 
198202447 861783266 34201204 242937138 836697522 303711095 
372044581 775247188 15533222 978415284 618096286 826334484 
866220045 459555974 914883346 726578544 174429779 548683692 
452021158 36187148 653730114 507005379 884185168 677199612 
468552376 666134043 60269126 433194829 534095138 678100143 
124571924 255274175 969525976 778623031 155532725 537936399 
925857623 240393041 263500184 78834264 307606603 825882500 
280343918 511094492 88343991 975357177 838685268 47296705 
886646830 747501820 183894870 165752452 382613352 524788134 
105675635 465919648 453321807 664232400 151251307 137334544 
661841366 282491599 793815616 171174473 610501047 379532879 
72679076 496357303 784873331 570668864 749722342 391815204 
517687297 835988727 153382111 955890440 771629776 239646059 
904896242 80451201 764302788 859385484 678385751 816439635 
770883823 525649652 327732720 157703839 68883894 619957742 
793803551 65586866 405870293 520313586 463024775 506845458 
117732436 660911122 856030260 479163528 881101627 282164636 
540017442 689121798 877126768 510267915 925266345 724009120 
963981355 761181535 255576987 478792583 845428323 359454129 
230852295 400567253 645563024 75114820 765669555 389268950 
35520756 846001353 882597363 518022681 804192639 972302979 
706153286 968412454 971252307 205735383 117840050 113081651 
426764012 165803830 578656386 545298548 48422891 136271805 
347010216 373426557 675309174 595145945 333894431 952351553 
380857897 735186274 468474210 538889640 522851432 732968730 
818966892 348756424 494968060 199195706 899201271 349610634 
863431881 61827309 156950033 979201129 8188733 953240516 
358732760 899260793 231114030 524406084 790032637 436621100 
262693149 362177165 951290036 592962194 1182277 364519106 
855123473 9185946 547066647 378135825 398685575 925733194 
368072298 431900175 616052175 55221563 915327436 986258379 
262467871 300964769 487263986 22508855 146137834 624725584 
715850963 891095461 14207466 499908213 722622647 693954154 
840773627 450900439 289761705 289628978 989247857 433905475 
704123510 953637117 586603635 186217579 25622699 118950678 
459528232 545362770 585298029 968233469 225044909 475343055 
499244448 358832382 283711346 404886596 727473517 261779400 
315751268 901216066 623971431 894420679 673219014 809745197 
645826144 709342986 985466081 137423493 777806239 271493749 
127226313 305698328 783619637 659667837 811354980 154007762 
520040028 356309870 231249402 908988092 33451005 58170255 
921111878 911448994 311794334 959397792 185799429 440010896 
77635406 607991429 635714873 15670671 905577661 679041320 
134195729 895674555 642657006 175306334 864462028 507043809 
804281691 196011481 180574728 991977376 136283908 571119307 
418875641 819946830 595958610 632988463 931507705 65800516 
512743121 557883025 810492126 302732917 774470785 269492557 
44246216 362446838 120400295 376609689 149574794 114289193 
172950719 649983578 451733299 193304000 624008468 609907721 
754651189 66636059 548143088 151712405 705148914 808791854 
210565806 237573503 189759627 53111943 949482347 722761486 
71169268 58866719 42074312 676998551 543542355 461780901 
175582619 79709937 967741861 996491211 163572489 953866054 
28516040 454142201 871333357 791998447 452943890 494311416 
491754317 925280962 452318924 253785671 594579840 486079166 
33868960 122475619 766134259 8350586 880063104 500408723 
978058869 445452308 325520889 377177332 950668145 25848960 
449649024 758346874 617834219 50640272 570899635 62803816 
215738685 906813945 734771712 248614105 711862241 14166695 
923338561 794342045 258074989 318464462 451755092 299642778 
148780341 329393364 918189149 802652821 780215293 694986202 
36302545 477705850 429749965 573880174 257091187 428328500 
943357823 931722631 1732630 337353928 278683424 14104602 
343048554 230147451 872755494 275783948 966082767 745830114 
444237739 624525705 328667215 771698056 350313949 743717322 
418233002 219483331 793477046 500581226 361058876 464326016 
362586055 348110789 279917107 512924197 759222752 542212115 
720903974 361486737 417445881 736565387 842251490 684722489 
900073559 333614072 506546230 429612897 769037218 804638090 
958905918 500658283 885232693 9255143 408627103 157205244 
757723502 963632187 90855467 416124031 731805278 499694211 
578231249 155743325 40641437 568593952 247898360 331297906 
281645292 139464638 209601367 778825767 692885977 990055229 
360556085 301153414 554901976 951764632 214264946 757756454 
321501541 546730522 658054737 531503983 821570222 500618791 
642254689 304229404 886655955 662048070 490706675 149194363 
601896236 779153372 410381833 302004407 79216706 102175405 
382498799 595545326 843185139 42008109 517400153 174275297 
452416019 932856576 239582539 870552824 129910597 262634371 
881103628 483055035 562219233 241626405 440973277 217256730 
277536628 782143067 492027320 757034561 173074907 577849346 
561921630 698081111 60543849 818323645 690183916 472454935 
757104188 892216064 187093484 892940901 689819138 419500737 
135350333 618683621 737685824 110993034 803528532 233291464 
554720042 610478287 811689496 457889275 177856687 617441952 
357877479 498300757 638406606 146794901 926460130 2556675 
785939394 510013404 324173038 290880044 599239984 481507789 
109258245 736527673 507214780 14217607 687465502 864611948 
387164687 278890881 957422190 878534209 33231305 948831406 
584175476 53068252 511805366 688858790 526374638 778984666 
26936192 838846046 136326683 69835142 800697151 210778860 
434111321 756435280 857976187 539458204 882479122 881232171 
318036389 917317975 987020859 203166990 48685163 873683159 
937570860 928006479 157289592 410472166 458279746 834518630 
323653421 28328840 35824037 156927256 813742326 306374036 
829298578 497464712 438868957 417821982 831315817 807238941 
742403059 437974976 988487947 13470919 762048295 385555769 
783021030 952552343 544044021 507447270 997167393 41110560 
159832283 289720418 650630256 912281401 213530346 997633484 
269918856 448230317 439360984 631649089 766605620 875757744 
469578824 655267571 799920867 547787086 701273855 908257299 
7409132 399760456 360544060 533389250 437345387 911248383 
592121128 129368359 123948675 659010139 176955437 816236974 
910225833 485391527 314835536 230640221 881748095 244110604 
217322470 993640736 948630607 63551009 792424637 23600786 
326103959 378569208 667359284 211474227 469417385 996184664 
373668865 763802488 715637108 703913349 542905060 375162136 
137257389 168169797 561950883 193681 278590349 803624939 
280466989 888252747 424940371 873663666 626379790 269091894 
751598716 506055356 840073348 247679976 888298494 69099976 
755057126 256721937 730190521 904993360 519620841 32870178 
787903660 669926826 47422065 119218915 197736972 228733831 
178511782 852855311 914269594 794453557 892428382 751331419 
119953282 750675839 824678740 590355392 548291588 53513500 
516367309 560092866 508839962 924639344 667743463 217911911 
367579725 524516731 831541396 661594760 824216498 460057971 
795412505 60470942 716796114 481547853 518609332 111962974 
355261612 214445811 155280607 363758928 134961427 993486033 
341467913 998721616 267900098 636391587 669904868 572975888 
111266122 219927907 876890734 198357188 674351846 376111796 
341678263 457192142 278588743 470391794 613180055 810252103 
138786805 952088631 303584437 280740692 533655639 70414754 
814619039 428693951 373316003 910289970 228963671 645950472 
689698094 261754316 14006404 114718776 538772728 874791158 
847661528 340248081 363377704 50056021 370579301 81785290 
504463 143401477 32895365 250797311 164793342 13618319 
446866575 57346180 838288821 47795279 536749841 187860025 
405574695 439420754 638825617 744544822 683934924 329388294 
452766418 287462281 959450404 194391757 994302873 874079461 
746981861 496925084 19023398 819312516 140212937 362715906 
308016083 237839013 299094183 629142909 786490337 653716663 
958814802 980548576 47683376 681460821 735870638 257861566 
781756910 7353292 966639090 790007962 322100698 264906281 
121803786 526171889 914043238 14155800 479764109 606184644 
585152692 571494266 4192767 640626242 8152803 350640491 
460892227 526810894 953093677 414281213 486354062 674757213 
888573355 502457193 518470794 459843521 163428623 193909788 
419946268 258632928 72721236 730052494 91907349 420037789 
767131754 661344592 483027623 611770460 150700732 86730572 
529146238 672763960 385859892 973813231 887468972 456411950 
244721649 803739600 6444262 686607026 875002600 590954966 
485514796 283117983 771195733 948099326 586711727 913933475 
621050497 797511409 622803313 293533642 450728602 109433069 
80115070 472644023 24985590 900768393 74441364 321502334 
685399986 278207139 278977404 428282728 67403833 295629769 
445402494 818726789 513915110 928931497 944373112 441479163 
228639519 401573207 407637702 248868140 563068148 973437153 
331338991 56947518 320954097 971792622 807755877 263723159 
95203592 763533503 337909505 785359071 261133770 913138513 
865948491 860107193 180273530 268661766 486401577 922581972 
558288949 293888230 410511926 307225761 878972604 249483113 
169361917 820282597 860293782 874040119 69498856 596599581 
601057119 75303192 637037335 859807598 565699079 313119402 
788480691 95151502 695977322 379672837 807905483 69116498 
31419687 512788951 579600804 331449668 617225403 578891195 
417450275 257986422 941702427 845190465 233030182 804404739 
831841532 942998854 368618332 896466453 344721172 862584113 
121984132 841446002 576108571 805597143 118558454 476841990 
603598806 92503020 664511824 107593162 9148390 236506893 
826585152 160114111 75618350 373231873 149357804 186321627 
846254457 104805862 673758796 965278922 33089230 574281099 
547900495 659301347 507639600 90573632 54541895 712217330 
224721195 632445881 949757557 463591336 970779694 613202579 
575747471 475438358 929396696 616146904 712673069 854500102 
578493409 640549873 934406343 653159651 789789082 4520408 
465150229 724929254 508970025 130100544 563725965 508679883 
422822436 324786212 156588021 199420150 904501858 321958098 
581424757 457766911 531708165 490610273 592719616 311889733 
905026572 917678405 410861718 919858252 991050921 42718079 
193811632 363637045 27348897 923417289 388535358 778724851 
143093951 3747413 912894210 16577732 719179910 645636163 
748303479 848787729 819571941 910993050 464367678 895644493 
