144 13 118 7
135018070 823103394 899438811 44092966 957974373 191934174 444762949 639430220 316504504 689212351 784691094 160658355 160359433 
641554578 588489783 533412814 279018009 691043867 253873724 981032187 604834052 428926002 906327193 455358624 544916651 500168812 
856209590 953181988 977822686 53545191 103434245 270720330 450911470 192183691 915299574 951814807 922273651 37908457 639081476 
897104638 357539532 766985025 626293533 80276186 703107803 94881590 383474570 220450954 45315339 381148989 470734351 665165003 
239396444 529556314 384139632 397234631 913869921 270450279 471294952 486913931 938979885 713781146 597556694 350946331 777024299 
811156539 8838127 213062826 897595416 554319054 194267857 65073666 113019798 121342430 302005326 239870272 610572556 186898949 
769897140 501803222 501464926 28581060 782706541 50228258 332511147 216429018 529412460 582813861 585708468 86294861 81662624 
903561162 538869640 445782007 356331891 891540686 317693 619171407 132968168 274615352 864426276 128186434 107492456 861298263 
312057702 218235426 292783028 105363578 731254982 558327458 275142587 380286708 252447536 173180256 66103422 902887537 756660514 
432355522 196753246 820810982 382039263 505177680 655984276 111560364 111240332 665235762 76805506 575522475 306457251 16021693 
515905114 622344767 352960905 773436090 893854755 976140627 459277100 6133637 477999072 833432305 763987994 371908608 825807528 
68285187 475282387 534348214 88989398 793792098 61244554 543933426 745820978 631828384 5803857 763212443 468677738 549851336 
583663075 729694773 464488480 403234964 380486391 968671745 423847789 991233237 377588002 482395685 83237343 343151318 957000879 
147107107 918739423 570630321 852010841 666125630 213102620 304168571 560612722 262196260 484091323 970943135 883820945 329963671 
948795614 94664240 629723164 845839858 114633601 86119686 988442656 461870811 797749517 7947453 126828665 387257772 84457913 
796117319 459248722 146860228 981412451 622414970 468709266 649674741 417676919 496057865 472684945 311001487 204224811 45347508 
881531839 639324933 705280781 556198928 822709352 578266048 267334092 726363982 776971101 366891384 781098330 637352106 394103807 
763219546 828836386 166691891 424951734 673063204 430465209 888540661 448442046 136785258 71906596 316365931 570844364 48075667 
921376623 961298997 22377902 737868289 487458487 572417923 313728831 360763361 898609700 471667845 562842805 72365994 732145948 
800456633 552788482 961468 380536315 333196185 313889173 208612130 503711063 335024233 285142068 449905359 813803010 134162541 
319275243 498943072 805280780 584182867 133030546 79909136 725818513 539206589 86089872 718332293 427161612 126156936 273775362 
504924567 652142659 284716792 308735886 220682102 901044611 97952706 821314291 568853474 327853220 200136765 945178138 478777852 
93720917 1743781 96124468 805227364 659578064 44585614 766293913 532673592 818820885 103791495 926480121 955959262 584169354 
96658935 757749404 127349299 990711288 466421689 72996230 706834926 667723328 85217255 116397622 857149429 555145052 928720175 
563365160 577175083 599296136 226291784 340165149 916330592 330755628 860676677 325613633 337291092 945737567 918685703 370779560 
170362536 474633436 407571736 132333601 165270232 623271052 914247849 510646175 953954578 539556839 720919078 535284434 121753848 
953306318 62833993 304730458 932493497 688396636 434243130 412804622 853111745 110592589 352654766 873968118 522174527 336942025 
440412196 112740815 341434876 180104871 766589118 898524162 510569421 47142553 351602532 631007164 786858373 876663810 434994172 
214094533 174924398 334245493 699749800 853093472 411733109 754747152 370643251 148515038 657035754 950904645 482876778 302970166 
154479840 644447379 508341267 727183014 468882311 56393430 390811213 214589349 257546264 844658546 185474986 950117771 623713024 
116628161 443166559 495827722 600761046 336704653 846279462 20050548 446352242 267691993 999597126 906409425 604239496 770590988 
232732549 966147504 846655726 867554895 33681370 58373278 964251744 513910824 300551238 911063694 583099206 479016142 217919529 
30259987 141883790 978237763 180504115 254046400 837205996 86394241 765878464 591332947 48558769 158633211 857437198 978859993 
469325299 760496868 138145887 490608527 983032429 791935243 899590461 960006096 87403995 595124460 36016129 337726194 875645801 
879588289 567595283 550367189 344569790 247747561 831602001 238726505 405718241 330610141 743908177 372432539 220115098 217471237 
11397871 715317953 320843321 482329751 995331686 692076878 940824613 816194099 713160346 142227764 404082545 747798521 449549577 
602345949 738206713 850016625 928377756 724646558 531653434 571546074 307026579 395720110 579155890 530624911 930021239 108107002 
487249650 678041789 614223143 830161472 31664352 909417350 832244416 863765545 950228002 185590153 377001069 706079300 1847137 
145645933 809589013 673889310 372100312 815748732 328704132 40701809 758751618 993674020 549429906 618053767 304782814 798976299 
671145323 226443189 750490554 720643868 59635348 678510427 963491593 692008044 211818301 510627881 719621614 173469352 89107579 
96197424 428875933 325168968 886154578 741931624 875028504 956794174 393532669 662606715 13819634 625008294 242130027 834122372 
509495225 577902485 841547809 482359441 103442517 992622983 63084352 111154000 551178425 295086157 155330516 876573595 48287553 
42493541 435856045 280128904 803897461 866534962 256635571 338676625 837008652 164805943 757356891 728179191 875947784 546615375 
395254915 74197656 659969636 849619263 498828871 296135367 215386419 222721725 722396084 227422611 226411713 56830241 11969367 
710272271 439210099 292488965 836063821 363947133 619692374 643037222 222944350 908553767 572742829 839626857 3843170 524987969 
868088303 590943019 199711325 960102350 474739027 386213632 592252540 967629624 984367192 295673061 253816913 967976817 659445718 
687554794 408131091 703698242 305761362 549620125 380237358 299225753 606021862 563044218 63940713 785690525 776660259 557472075 
248753425 598414032 816101309 165130391 812754859 308163957 875990492 26361353 553942887 910398293 184944091 916550894 837929671 
687707180 271086048 807632814 142200092 827954871 156483230 554305825 443030547 464304669 373235109 797844531 496679689 956488424 
522162100 370338394 379337537 374757720 578325425 93024007 15765158 742843850 753629030 176508222 334425295 342686396 927743455 
204056989 812415351 394843993 657812910 795918087 168874598 346138277 974396967 381475591 624245504 953489928 25939993 333515686 
144053511 842510401 165863178 400121131 144042744 66650622 128152789 454466485 624827866 29094165 895469879 199671127 40541544 
304780328 620364107 590648458 403248848 259993645 236893236 164205796 446043746 354040456 462418972 227597583 992176049 493442633 
883051790 132923141 403057803 601757952 840275935 221261507 810461072 802872179 795936801 497286499 901003211 445450018 763190764 
493237528 30507868 177042366 208061993 898097257 729543881 117884237 426693977 392576310 362015698 234477976 967099914 430450482 
883223567 374015886 522775755 541621612 354063040 41506209 143791991 146960087 128412411 953405769 159271146 150329323 92352412 
202474529 79493845 163216524 611243108 193977100 913078908 452844025 509694099 497880273 890305385 990590756 854255485 999010138 
862855971 870530658 207034184 31375573 504762705 570043681 296410541 726608017 640706973 110869843 907779036 897542219 388729421 
840105684 515864997 833482784 373924306 145881303 235603777 314768124 996022094 774816343 555806313 485521510 412264508 180688101 
272108842 942672750 100370915 544785470 557058672 900936114 446493984 237306699 691224275 2873232 850534626 205658897 737406211 
503521375 153607176 541563130 215432028 850195660 237630517 148411712 79643836 956719927 353746803 960996534 419862022 611271020 
157832914 445488983 4475464 23033473 754374603 47204221 778111168 178370076 792591725 436326047 95983911 452424590 291197490 
129690205 347840317 643360638 654978095 627985654 686520821 428656042 438922955 334876692 930153577 54914251 253092570 373500582 
655068625 610785242 520022598 654428368 492471492 518269751 50922958 688964761 440196259 898988520 348288268 732506745 994635194 
607748754 689763991 356692210 866339725 757316366 251483136 312213172 840860676 140831930 471867614 962067190 54766590 497574552 
498788900 293468699 417446268 434421712 961480025 39868473 915806310 406723165 182295595 350293639 228397160 440981491 798979348 
366708245 504529358 806986022 394851085 973246988 956851484 879764278 542192072 760171696 62433476 425333049 185105281 879683812 
10443101 427471999 981208478 378719292 915581059 475841505 681438286 159284772 344108241 570959482 712450328 38748167 712256287 
718042901 279338764 900545350 245490499 90810073 343033499 403586128 781842471 110770731 352539420 858936877 931759869 244365764 
869365958 435544632 558752696 805193779 266899566 728281420 577129560 10671027 904295848 532495217 465922346 89645077 737400300 
810474824 169722891 639536006 456394528 213066525 786866195 637207596 179664238 355073098 147415890 870310339 729399908 868765457 
122369252 836399317 143985957 145414820 882426642 8218657 278544912 700468694 867059455 600819801 396308932 746576646 491161011 
154807063 517106493 2045074 592622885 560783084 364617670 182726996 762266776 34789553 649681990 296696028 63140192 267253985 
233990992 7096957 815773130 259377442 470500127 270563449 918173666 399180157 183810342 488565382 104902931 113686144 349151907 
572191439 974780333 63638423 524933510 633748931 586891470 860745305 597477086 877120949 851448429 72126929 801537575 778688222 
960057045 524091839 375665720 564309461 921468798 961008292 552315607 480451647 591661896 524522821 600682194 155801889 416067380 
49810942 139558885 168257082 39772616 48228805 558912777 556770171 77039077 581720762 10403934 81666480 926552438 509834309 
152074717 854620839 643240639 113030979 725549162 692027677 426583388 14191089 530205478 328936430 961945243 632016764 241859175 
869696207 794337007 888860807 829562838 916537739 430591957 741416908 310640894 343163638 579339260 675357495 92988585 755743659 
535473903 982441486 150627311 436407586 538143616 657765405 916372570 365534225 794606996 640487068 529705767 21970275 669138088 
247888881 957521115 81423191 163094377 581907809 69409285 611833512 251403023 273685695 832129662 745864743 572443927 277197987 
347276289 237140477 381557964 599727840 607532010 434742444 242041008 936526023 470715708 794093835 111877864 806487911 707581927 
528221535 76766148 813414382 370369177 917141320 484252792 870749698 636132586 364015839 258868536 479591476 235713179 572582682 
662094749 946365089 60718935 593929240 973346758 168370294 120246820 31770321 256950656 679945205 784726725 165755480 350960339 
794631584 199628879 230026398 796342440 674994367 488367842 129864330 225125506 482760218 340340592 224660153 628220533 679962363 
699189776 702862297 163864407 942622975 601834472 740893351 401384663 848934269 664040933 839932473 486666771 456933829 853352443 
820650033 899204784 414496691 665931821 201648244 571430856 746709927 152892192 560557984 169593450 38595376 457720222 951494746 
117340770 475801888 367151180 852055470 132285973 297569019 72758438 579218837 306541963 227308736 31226061 494164186 11074723 
498805724 803348275 20652190 281885541 929765832 853900871 949986843 817780210 41458934 128795668 941112733 572637401 327293137 
629182645 238100911 400370062 141636273 391761136 972870866 101284464 500385473 353208778 699733421 767116384 75906480 805086468 
694151630 872429830 586896543 763569933 460732336 231509736 171417475 561444848 76566310 376095454 619876740 78037542 340436453 
781605176 427032610 140053630 988904442 381981218 424325828 523412133 671469287 225308505 100280391 246021171 952473419 140227434 
152243996 570798795 547365775 470770803 609154977 164695545 484144518 325263164 537950801 447838081 67402121 559749445 460758074 
870617681 489253909 371776249 893393544 938444421 189748571 706354512 558506165 512801029 957681739 432432568 991185544 680139517 
121681055 850645236 919526798 728096804 153904722 833176186 789070529 260317603 402016428 718154326 546595171 642514874 401418685 
206207964 323324268 104633113 2815402 307935118 78096502 660667007 682001434 295654955 63040932 528412727 250120180 65015312 
490456646 790337959 483587527 636262836 813376005 499587138 386979806 411516154 318256621 216559071 94235657 980464310 297845202 
295931629 59759133 478708136 830747953 847057982 588107790 460450392 869042543 196520601 270164028 946028487 537978237 440540492 
907737194 384344396 520455579 33782780 481826692 282729257 623006995 43919897 756737821 369977582 184980306 240543495 314714313 
520948786 971637540 789213928 824529000 882409591 764032143 649086886 237519712 518729436 640185048 153588806 787474043 255809068 
633953364 180508286 956046739 551491487 174139904 585438566 973151177 791030992 490676305 844935413 816004882 538543903 628560607 
486469303 893247778 738063240 390027314 838848403 252294381 750136072 378561885 182861544 29388876 366192956 140726012 711049841 
16027988 276889753 105566716 633856452 344961537 104620276 112441402 933820380 184155356 93307285 197851759 893193508 725103131 
476288119 378763201 717989678 984359815 513471295 524237158 939403751 900949369 315179580 544411302 113180114 311031687 972361717 
67932326 941262149 256526234 164046162 903523855 692897400 723302914 584200036 445580205 487113479 132107278 786129868 595626252 
927292625 591693558 147743410 180675179 298808716 159356850 994908167 100082274 231810139 673393395 702376439 522697061 874357587 
994988696 888947922 618151034 184624367 545828046 744949006 416672753 464087317 509999891 3402594 464668972 721521419 722123123 
64056245 740828970 799045898 404222687 805183357 840416525 992792002 269193856 120249856 754523241 890254761 865422045 200821922 
449028976 937920939 716272494 635707700 745734233 936658944 718628474 222831733 355441205 563092777 266456385 446120916 467670678 
550183743 822603430 870304368 980087740 95528958 123681657 175617956 690110393 298720550 694932566 885996528 135627720 773836524 
737702107 478246555 670347930 182225617 859857895 724290923 619814949 359753762 68899749 139575594 242241981 520180876 481126950 
199297100 768996644 991304428 318343931 982342892 704023406 836593531 711698850 69763805 879755562 84222819 706161414 87688969 
88376553 951946993 954003927 628581293 184032785 619262357 111909056 853530283 114622275 548345643 602447919 543926553 310553916 
224617952 759370282 117113726 555720735 458782845 711474679 925633120 34723019 821226365 495662882 72719145 469759617 270788523 
597803754 754474614 186195134 130269179 34972154 747787060 742393518 367843925 887249252 807178586 401385130 763153493 464288973 
36346375 253438760 173250610 454154202 441764627 166604191 657698399 81319540 79169893 188495204 18238464 640330216 731225778 
783772075 774245631 204796813 785934204 749734451 801001363 173546747 511754089 400835915 985993075 228032009 248060890 481864617 
453732003 936271869 645405055 612838407 645606571 760041629 826654739 561045041 617121833 92377541 143618723 297959684 148634201 
148037137 764582580 335375124 123187316 226672221 273575824 607339846 555821143 11946733 989560642 682122029 429270111 524652628 
966421511 106581079 214607489 707340469 511144824 916485770 731572069 872055112 101030111 696194248 89454092 319284503 811786964 
703235392 378504320 884747539 782642649 407092256 636112524 920415951 776585359 104403218 620836981 762911094 119920259 806632852 
986809056 830589428 573758877 882111386 261451737 293076292 588982551 346386316 36782298 808472409 162839015 297517487 728811256 
317473806 712224979 816448866 924731979 911879912 826442005 286161349 863678418 803375385 874777888 728426779 655720626 5736583 
641798926 555794952 237501137 183277818 141144709 731614551 907354932 688786779 529087746 643542548 472098363 441228286 365624141 
271354098 595507553 788815782 714900009 249832606 660995779 966814334 411118811 153964329 559076269 777595603 561956234 130768883 
967725396 986196009 329666946 714292526 104750911 358207295 974171247 31579675 434426502 455204655 757573709 636908647 845991743 
250362144 609551259 448601148 43419038 749257616 381839738 373031707 46266609 719124492 818894688 552634006 943723493 583873557 
463150682 832568440 421897183 893371804 893493217 316516152 641665507 500811942 941819462 268998998 995214483 872282221 836209169 
163167921 378837223 521073702 168059529 386869511 424264037 599130660 513999395 16274980 152184898 439445410 691389518 376668295 
972695513 680757209 106359388 10219043 355216518 441672080 638585690 454666900 944371041 283985936 837063561 880912736 235486814 
588812777 413307117 276847605 126512846 650003901 99464116 219232754 944603258 668906326 71984185 38844287 226556307 316657918 
608605998 500763631 955136678 691307434 648588790 567483058 435161736 440374946 93831242 423869820 821622939 333809613 641543783 
805554898 193445693 538597601 951320221 697032608 563619980 311470173 233467602 192702691 713045380 665250052 158014973 981668288 
672267816 833044810 523850191 624436461 654328891 92601392 726117948 465262168 762833592 677653117 136495227 181055473 12625407 
732620439 727927198 34118286 495517110 624164204 841149400 401373979 409788330 639576132 569906555 243462742 334759340 444424263 
89503918 207823337 864312776 996575921 976493439 656478194 26810926 697511998 801270427 545484275 487056490 146942130 864607724 
710512707 381166013 737157765 74138647 773163425 751520373 542437016 413499626 176242196 820040550 13642363 2363068 543699115 
116983399 4220890 538009244 686421255 678112325 590875329 831091516 318143226 785851158 204572985 708607634 991972482 161076290 
770729558 982643520 363667911 380109651 352016151 227202957 242789346 780624353 851896319 127235285 993063336 214779424 554508488 
320134754 415172931 337704185 6400630 456086213 577211567 435471770 48866222 430448755 737086945 244349644 778078647 550208511 
553694776 632467703 835181203 53154132 546443026 62288233 336327450 564621422 211941679 200750762 275670516 304814394 377992553 
411393819 46103620 67086914 955106002 296843315 159678343 680151060 533030018 592217744 410269427 630891813 817622823 574620004 
794978057 316608164 45038880 433311675 904081428 471869688 861112926 267772483 907732693 500777620 735078877 308890053 709937794 
159928002 617672684 170911577 397517717 825291109 627165246 396943737 93844070 792198226 176155054 812194421 824932663 433251301 
