191 13 162 12
82611507 603517020 504331861 35791687 471033333 484545885 674007210 955660699 380704195 61740559 366700474 599666692 495234257 
634236878 287486386 361703532 289887510 166478909 852285396 567560846 201878585 822519762 226085123 753604388 872816956 77220617 
857607974 825460657 770525594 344065265 315049996 87420333 662229173 693044722 587214363 854130371 451152091 249168294 109040609 
863091617 301213675 96108798 188921668 736765296 41131479 572430280 574059286 883132406 563431507 651365257 771522239 924478758 
222929696 32701362 830655108 2147178 376306949 736117035 234195415 108427609 710105327 976113314 831527578 334347220 276661391 
145293787 551882837 850011646 428556068 627798757 980017815 238377331 810429942 938753744 92025701 589534267 706676414 500949014 
787415971 786500543 599658289 785270554 999983989 441036187 775705862 243930956 277666710 823117211 677342308 390263022 340487384 
281324762 451558493 726602794 559235899 319037969 783157690 970261448 9969418 245163258 324992573 932313797 219565982 436224564 
350884385 937132263 258708748 546397598 910556275 464786346 638812677 598306404 588603451 576821341 447954917 82328857 997284095 
566350732 997849735 305994291 746539301 66373464 184398164 629491273 15484305 112667334 888207428 151226394 778122565 743146718 
603312385 48437486 419136489 848110409 191746514 281364465 111273906 269560811 662560003 130882768 768764828 419332449 287134398 
808970248 943913247 346729501 620412327 334089532 525960925 763927865 997363371 410036209 821208176 80606614 339245670 577436146 
764314037 819839887 157400059 873728191 813526222 325557128 769846113 231015173 405548312 905676135 302512387 28241124 505447657 
398130874 53340726 76861506 186657010 847495900 786079131 895923676 258646213 579945082 78810446 292231961 257067118 589559646 
26506669 616762718 319317254 300683222 651093088 296967868 682430659 458716774 346175875 822324848 927024244 956257285 354824546 
730897217 865553487 510313200 505455231 529934117 734369267 943435792 942977360 516774611 251289442 813614247 910158146 883622203 
174839759 716755620 718915938 271827244 827794447 584774253 312086391 339660866 603702581 682266112 74656996 350660419 860597240 
388854386 517264998 828218376 606871581 762901162 72462986 243533388 695175001 474513823 438773282 963467967 863705192 528589240 
901685025 406497277 25584660 794987285 429428010 588850674 637032189 247069458 554788436 935257371 863708708 96562884 84596815 
83193151 547288313 956760665 16915834 703842680 849247137 4184483 143994075 371776415 454075121 348257893 155155795 817133536 
4712304 150625670 657417595 239710238 426932110 181826088 446455037 282470126 984139955 832442404 3991118 213142626 438602784 
348714643 809361025 380705161 432178909 771768548 686823258 968112118 760845617 824591568 199581029 919785503 467449953 876015786 
174628146 77248640 107509969 470978997 94496604 442453583 733556505 873130320 572905475 70954980 223515954 590691699 676017877 
424215255 944753636 378375487 292252372 803240508 968517115 998813276 954369345 335621296 83782157 295667427 969027868 807216322 
579962939 930805159 483510819 799771457 780296303 329131426 949618064 667688637 984094609 369232524 552979994 988119161 94864866 
862304049 114150334 920384773 602422016 159475843 300877452 767444769 953752404 636162583 968151236 557341364 241314573 205875057 
454114010 391076790 212804716 140690070 996012608 582718214 599326743 812001495 683660946 323032639 492987636 378204794 979178090 
350940989 355461413 540743826 638496287 971827489 101175578 912712022 880081032 565650061 464506749 628720471 68807905 233091346 
425767979 711506045 750501768 9019261 619808305 281666631 586918834 341691058 14335014 557172742 196570298 749285720 176573184 
896179191 664682020 443683494 438349137 123497542 306685616 575772077 95937209 118879492 186310910 743054301 417490265 270837695 
77718242 497728750 766078873 211259755 236173632 666334786 144397050 741205285 419769125 550236791 391869291 907551017 202009549 
644713776 199318042 489893690 625370180 155100077 770044494 672869546 212660584 196827548 390323 26397372 610890204 944707283 
707404133 8907226 171117833 116501543 838089110 482442192 750894474 198768820 274916417 791653441 311191801 969444268 887367962 
905543632 78313886 189821517 903612110 806411471 819336380 225629968 936403437 878873514 426803450 613485848 306321952 264306698 
673780347 678719269 879808172 567528592 893956817 811618778 693704558 317426437 198261172 15365651 279131956 38592337 862160642 
475923842 183186966 989443292 629901701 848018670 612410068 139493149 128065212 944140195 70774283 686350717 423212784 279556551 
865072127 239194764 993734334 620350137 655088562 899688160 981304429 446579555 524529721 77863160 440964929 485525110 149849124 
553032415 667257440 768387852 660159653 649560458 371932420 279587292 493830018 561588379 54098524 960244622 563042761 131006047 
6970836 698906533 977055560 520295502 940209721 165552709 233814730 588056643 251916677 206633257 742986529 953632021 214531648 
692650698 249300503 211163128 474196645 919326770 631339092 906932147 405049330 379368559 257964754 557285295 483980781 119229535 
718605366 882315592 303385670 898946045 302918383 369784574 155989174 583390009 550792350 793065798 26449919 944783495 8971307 
258730408 878117747 492237380 469804359 362872486 975806930 715370775 393195143 538868559 627263079 246989372 371281649 477822438 
481460522 889425918 215850541 378530407 200530705 442516580 528690713 949632404 222001890 868041265 99698736 321223776 418908891 
198940209 207637306 521303523 598265517 89387242 471952902 224807920 326450563 112498757 717816446 809628903 90685313 984611571 
451961782 133245097 311249 963578707 4328751 387148864 577038288 670999922 731645729 264986609 449212667 223858359 370432075 
101655682 985682044 536016119 378121510 748989996 740181988 737706224 124029777 209191685 279056440 88247827 83794490 680491078 
952862201 484961856 677693177 343103301 625846827 909999476 629031390 222705554 217239183 872008176 505446843 917050681 491150386 
965597594 683810733 739045496 538205801 657397815 811859558 857117643 738106458 190857859 547257718 741945019 678261590 988500190 
738091675 700288943 171500798 420426679 939067030 45202578 323045212 684000066 835902729 577823398 371295749 238867753 764959654 
863395793 660691990 542950256 122430615 441400616 155016316 717382665 334760118 776892412 954285160 30654673 637126979 104028155 
345271392 751800533 958360909 127922868 249564342 107137169 601962233 922284541 16398847 452998076 984279100 83217037 697414009 
331420085 633589015 773615131 347160373 944548601 602406109 416243475 609790064 482994271 200292329 348167510 518476297 561204472 
578766226 481692720 657734040 40817716 972718133 14854813 979533032 696976436 27510306 340768405 760155988 243628614 504557000 
299431508 345061795 830483262 581266966 239687100 102917366 219985778 919690361 128938608 939609772 913827610 867621493 655653883 
857014880 586276128 948751066 311397672 345723129 21649869 878789009 600025454 173450755 350407433 429488882 880221152 576326043 
503008993 48207579 415000235 689461535 640814968 21545966 484046673 538432177 931561923 73211589 435821390 692316606 868798496 
138662437 791953656 823403355 448695335 343812051 721390518 795519286 213100189 956997702 221399906 415201164 173146981 509075313 
613698730 898561237 78709127 951287640 65525887 764197995 306436994 529819540 257799911 282252349 501829376 851648965 773484969 
297500840 491752210 601525071 67876664 143597817 656937794 409250132 19446044 801131893 355730664 245103790 986356563 513105352 
517707785 753469926 937911581 45356797 718218905 672523000 950098326 116133395 55093435 541046117 505229717 712312250 569556884 
624569451 8768137 887223589 913724393 979813513 611203011 735763798 418008624 604029548 673449995 229749849 868845777 433780964 
731981273 572311466 662152803 970942765 722306492 8990730 372466673 24930415 663973973 857631687 991311484 90919950 271331630 
920617133 559310765 459510611 116098445 308882227 662636136 583330252 418780094 556339539 836079604 866762388 658210967 529530390 
360115960 773085359 296616123 662717658 434412283 442718793 312384795 494481075 821573943 569667075 497200231 913741085 108347760 
505576188 970175292 546234176 23647189 126587856 480573325 674720794 464732715 488477225 159294041 965111260 635837661 275141665 
153643857 259110744 10126828 389429586 276257931 438840220 630634376 355889913 246810065 333456546 414979027 792050004 961057872 
671452155 711521152 413943650 417941617 368174363 855734416 690638884 602321753 340599992 838780809 46345871 20832032 361051572 
29566743 73077327 109005124 832166333 636460842 613996794 570186862 596827013 487397116 737422779 67340971 716707378 738773662 
241889934 31966054 467494180 40845252 84756677 507043337 681605778 562643929 973938938 319710185 680986424 56229235 579297316 
70247485 396004292 56594813 372703740 259625890 321415770 4401337 109177667 989470300 192854395 654528250 69103402 733351390 
283718353 529920966 854553736 519918189 477103305 819271223 820942849 562070761 634160777 18678410 805652685 575570752 319854958 
188976313 575637515 574819128 654970261 341411319 550969406 79702516 808086377 203171308 675030978 458161864 535315436 150607816 
769504685 104973130 292063568 712705883 420022787 43679174 947762273 813478977 679944137 462436349 615846319 560699298 756937061 
526221853 742393523 71582400 547247657 510638857 696780828 334440705 936468812 478057181 320131738 138227410 672957150 362053614 
807752688 818498483 15194974 679378113 72509995 802722371 743556152 732222585 614040510 997129807 463275764 623853116 456219542 
315560732 526382843 486473516 941340967 646797364 564318664 331219212 369802472 995481341 175496455 209334494 947372480 615064194 
840049132 674019598 200929744 216359817 228206010 304727326 976561840 765243787 768865043 369762251 868538408 707755205 217999449 
464462066 45222622 538378919 767157063 343533684 600086756 784774243 509048513 525229044 671401367 396550618 318391441 129087604 
137959860 751754405 367596718 916645651 623063479 556970382 246077488 286746482 776048862 928798031 777502440 990535562 587316797 
499474409 154989914 470779666 995227422 470385559 46129657 384324867 37645174 831491496 494201092 184757912 919260760 822669220 
26151241 321567188 797298617 946484720 652296409 316260785 669057110 969517298 85078793 97460557 397859355 185555101 478235525 
326420118 80045981 441995746 599904381 754406739 211663545 591010776 952330358 393954580 167866837 26872807 819139916 651088662 
534640394 889958505 643123412 444904127 845211663 480559193 403604343 355893007 212032522 14168804 12597366 527864116 94503428 
992911063 729008955 73674909 368614659 130187062 249435 572036853 660324886 845611073 696662840 638273593 33682885 709736202 
282013839 546219641 222785505 103911429 961233531 899164480 217207034 116815459 150338690 842543772 613810945 762609290 978524293 
66103579 957288503 983893829 490390434 32446034 819491005 728323605 310818353 921762759 743260088 313050813 739236056 500378422 
841435324 159809102 921412819 879781301 748072319 476897663 771453431 713779414 307813485 932035171 979947177 469936049 22640391 
174814858 198325726 70528772 970635717 346341434 938214632 752911937 378039914 110837390 870238657 873930530 352217352 603644617 
310441526 266263380 817749383 312811150 470688100 911452429 242714498 557781207 555860969 613691867 484164688 302087856 945501844 
587045158 379773037 311721060 25192969 343164207 751312456 32582837 235231482 54613126 533985550 846862268 336969120 942455844 
836056957 551728929 246705843 863787941 622566283 251373709 663975438 187691838 123343161 736754346 374119026 41927769 734212761 
196404992 683707259 596617469 461154930 250144600 817966129 651049354 926671428 432719708 616375819 3736376 577227467 946521404 
983233257 930207608 245635075 899267611 750793570 635124538 961060452 471403504 988176286 750155216 470466063 649010709 195480495 
7640539 376802528 915979980 874160499 77824636 419342865 101272009 79202510 914431092 355142256 405239023 717813111 819402387 
146610267 411900131 928859581 125665162 932356270 932341937 801326163 866854962 35801339 467280363 841988850 963255487 393084325 
174929798 696135209 178439943 150760950 272702758 508383063 653309830 763000985 209763552 869545220 561081790 315387138 391333233 
496915072 639541088 31273589 313791659 211042102 537045180 143778229 499735609 6134899 357103748 62681651 615831171 939116250 
554766808 963208024 599157834 353975270 461684522 899964202 723626377 789935768 151182979 723938851 341726444 367667252 267244053 
509487435 598198822 499225153 705003684 704595067 294955932 107737191 664287063 280261909 132207494 613100349 180836235 416062679 
10985556 284243581 387884244 851887365 570630712 507523747 95792574 218327539 15325875 793073738 205335460 986315548 93104804 
112397541 801661424 90753940 587773784 646319809 639716414 288279729 256268689 370486932 106932054 969802692 838998673 333837294 
324372957 34824869 751568766 836986230 322529648 156623288 368464664 962681925 885630118 684093579 677656950 21131668 202693264 
337081611 914020446 604470677 981824124 605362118 654873764 866255282 479634237 82412883 597358816 244315390 646482382 302949779 
534518220 928765955 660471665 912625493 973557925 599672254 961472753 845223962 91431871 931244047 294195998 771506483 382214105 
317798034 421349610 756193888 719439512 613474740 213827732 249228168 167008352 301260189 939141722 9168394 679288114 950435067 
563729515 88233405 136150095 875458655 858727739 552225758 309375011 418772195 899654504 523502971 871160597 850518298 523428258 
430017586 98905270 817090995 519992275 902863164 875785668 670525066 683720594 112951050 652537404 196597815 690694408 308669039 
925460239 703686301 342479048 310162498 389154171 471885696 267994276 240647244 180329598 660289704 766284632 635418740 48590117 
193649001 163716719 840976459 524415009 845561412 620431573 684353315 620004912 240385496 450628810 839159791 589711386 191028427 
832278561 160124291 183276091 484607221 434951229 591765390 756688510 822453339 698368192 423515376 153931522 905677323 655387495 
727983683 817939285 276366836 200751907 13717678 814289970 381252932 758850640 68650289 923910495 407701341 660184669 101806962 
678773214 794346963 175781066 734180988 548717804 803674109 40383499 700932813 812928710 8606523 105506350 99651995 773580694 
265659600 131617419 872020414 473444987 83749017 780006155 798044048 389332410 576004343 800803330 724801401 816273740 17462154 
930876903 581104662 480789119 909912055 719318521 657127925 414871473 923448920 975327117 993493824 548585589 377957712 540283369 
857884728 243004473 950308149 748380004 189682671 159731221 234593901 403338846 594072541 289983350 154390835 152588706 49184920 
929970908 362005989 995208393 182350187 302456853 292135537 651938043 472465417 954611276 616676296 15273971 402698083 213692779 
133635689 877529581 975122197 960706237 681674682 206617742 360532605 267979626 892224174 400984645 893254844 891833590 724747090 
920616071 384421452 975893997 10542259 807029920 387421616 402787365 35077275 982479772 534663129 828147154 158942497 536289734 
639200198 662506831 599576262 269023662 992768775 524451485 177796609 611312304 398261430 675421000 548601476 991993142 520597195 
98448988 847091072 814649218 324891960 314704387 916804277 953554897 665805213 528285315 528003306 845295225 903279184 877950992 
343638159 405271035 973893681 228676790 400427943 727844609 670121057 388381617 681510141 692320502 825134383 158560807 260048695 
814537228 333738860 984631806 921054564 436538412 603639777 339168162 535260436 38757192 372717520 751547634 844967614 597540709 
17790337 909244831 741084160 565249512 54905070 399624776 189383849 419227915 176969573 518034378 291783828 182037520 676250396 
114761431 752865310 120904728 955429173 985265583 61937104 715390505 252424429 393920221 229994456 69640655 12221776 257000870 
585545761 324088371 542167484 156250330 509418288 704974839 993946475 942778457 276215224 465143215 647701571 564224823 484170357 
747757333 420125195 428640893 119134455 725908488 421715772 190917305 329254210 304458541 372925204 776984600 936053772 355776407 
659549782 734615677 451853949 157791905 970137088 296791642 568026151 149411535 611948699 753552733 728528364 940529116 885488218 
666079922 193734895 947893013 387114062 736540872 477492347 614545545 209091391 514284121 675211353 790574840 976719015 414243478 
451635218 304135981 567428376 293234768 739671727 114402743 281141158 687223177 82776792 206078098 335308644 987747919 813427795 
266240512 904553799 21620080 373025898 952119901 720280921 294882536 1256350 271708750 254634345 834312493 214847668 204286028 
551656248 486354614 850739427 207334914 900147660 603653650 588103019 13712061 194854122 117904683 250690080 283415814 410781303 
357621152 176211398 959944128 183100768 858353841 978492141 931143698 737566820 828644155 31560715 821600637 750043035 480256179 
288678611 998879405 812443450 298531195 632095899 235581873 754651491 652227176 76445937 943472604 192407764 940958351 236893596 
957410793 598300819 322999966 365025155 560294943 983288665 272523169 246616237 914034033 796640335 308819322 561802597 662554149 
206889278 891448906 302405653 302028034 653892568 324816102 656274317 690570935 226290946 22329393 140046187 29342252 211218185 
320776705 712198887 913985561 240039230 353676033 557511792 484248674 110387569 695694527 225137676 948543911 999501061 994812026 
694150497 929686422 681196534 912381725 840179652 292323596 636566297 711049667 946463116 601920602 323583367 505074323 767573612 
707058727 318333649 885147330 730906746 97618145 232661291 32886666 493092688 613181935 660053239 358603362 629676609 397545308 
265551689 41127577 562174247 902796814 121434958 458874056 561659857 830800764 750058353 574176935 122361098 234586906 340780973 
71596830 283556444 274230141 936337255 731236566 644504114 333861111 123742231 375374239 855288526 368938001 506037866 349505477 
598072046 640612464 611595736 347472490 240944307 515074825 797680736 879161025 532044325 366018724 973467354 231050836 890337528 
819457232 461464111 387904854 933247218 389918475 692339822 513513492 791175021 650495197 254877340 664190337 88473576 875027294 
266160867 494846056 683535276 603270089 583949053 278743293 356331154 55767674 967627256 961412245 966681253 827429173 25307687 
721249258 138313085 986656160 971663507 857868281 796197538 763045970 22635213 205652709 531625744 720146240 199963984 450295119 
273095080 644726772 799079826 503576763 360090675 491471242 506555809 753799176 722283198 393216806 144490645 673932017 480799738 
940025756 463815502 244365914 187142447 388814860 760854743 147159049 783299193 697185396 450679337 767628182 6661566 496546504 
365461880 61761934 779050570 993543677 323477759 139012142 438657928 761443145 972363112 19319303 229304624 274915122 838321793 
366755919 117978010 848418914 345626870 771268740 188755293 969781402 976030686 188423475 173185019 359587660 458108804 77765803 
945490014 522514869 598681861 180796777 71657555 17749172 318216735 764176286 698617821 433161314 647477435 595764442 45334607 
574438595 812894059 701580666 334070274 321604062 347435477 23795650 342863353 362450590 210942187 883511459 943368116 120290081 
129610955 425090305 287893835 695071255 625182797 986886333 93524484 285747622 539162134 108761821 917668111 137850012 989916418 
725297320 991054066 333688560 927651604 688963199 27833468 808103718 424398383 632439166 218066253 672918006 882933633 213728088 
481195102 232007713 404698781 105604388 169493995 672399433 689387668 397118300 530078444 645396941 267287235 14090839 148469255 
200539929 308034902 349103714 85551249 52785607 480193923 976329837 376717230 245684197 930699713 995131323 788801734 880179381 
325216461 244754021 58125821 816427068 762270454 531379847 123300978 437152459 805691645 99178473 449170721 158967165 890819006 
208891249 478345594 669593583 272231143 57652607 450954244 690254700 938210827 24510163 109772406 750324053 448295003 121525520 
25139255 567991294 382604531 717875999 508314489 846687317 203531672 296733448 965018370 198268501 709030415 950908163 510569281 
483013445 142399542 672116847 589985364 310969396 673814045 702567176 249531607 716741831 860480580 988260930 688174557 984640192 
175865705 327769306 919645724 79427149 629320134 268090709 403801909 210223126 154463640 925884039 4489556 755728740 433356065 
355050218 660647376 498933859 997123110 267929067 40769782 84046456 256271312 284651638 407712281 288108542 32762899 814872478 
959976682 60767533 954099168 169236023 198981323 187492942 554447086 53090280 239649108 627476363 813825017 262022477 661920942 
928321831 176746409 125980130 970093512 218249053 468609824 342101864 417350115 234486528 309799675 848924544 221530242 507938773 
826901191 936268075 816726365 943779916 804289111 586638497 258351689 340583359 601917367 49136820 878427888 364487932 183656072 
114338227 69211780 773534243 1615291 206072979 679311300 814306296 413217652 447384297 303196153 95649550 132149111 741866206 
476745738 59209206 1922599 130749445 187054859 233109834 288735615 469065880 137480437 305596131 33422406 959903333 465304480 
635115824 958053603 739801987 903228848 635195845 668064917 66785282 640207521 873032823 685286594 978718537 846015336 75130920 
802195301 521464211 318671144 698938120 586714571 694445466 398142823 282014145 942529407 993488470 65974039 262610196 891371451 
448967703 272992062 557703010 789075386 887888716 527960098 353188229 595497977 755463091 353229486 641906013 735925133 298129484 
567282088 888961941 780892847 55245054 587109838 847695648 882124097 461530925 166912443 581048015 683323831 433326559 83275174 
228915885 428474700 132810810 333330782 455625613 858801671 949079092 641550286 705376399 475316705 606347647 501876988 547484483 
470285799 25971755 234236016 579303506 216310425 362461098 423086592 10357235 781728853 186794642 803445789 265459973 81462371 
210237893 191597509 540986128 474092535 426422741 37474041 182889131 385892370 568603229 264104741 75063657 239209184 912815477 
434070947 482071827 763684527 106581619 70250311 223008398 360300770 165446887 665709357 412298643 455348212 165752606 539505438 
170579902 926686977 816394471 661607440 127763143 856228762 471291335 895759904 994885943 826415010 775656846 164720838 262818800 
256812308 393539710 505811877 711240548 672665495 108261227 660248489 648900484 702206096 393067800 777253922 772116451 31208937 
835137333 261174915 883548465 404268632 545116668 10544265 16210039 249612530 535812775 52247599 290846949 192273967 935966184 
693094421 988317025 852509180 951601412 793069414 479581509 16359925 168969617 195896314 73250521 499501060 234251235 228332186 
989990402 242811425 636098890 238544272 948163820 151926696 521331011 899387232 474867204 286071480 275109705 872860972 285966187 
663185921 823017700 706724818 983696590 390515325 340494131 20420321 987841071 791056094 87820926 653365150 944379754 104082215 
215398776 474906822 956006435 180661221 365427154 361604965 59903300 456211467 414999568 653558427 629910907 493852783 613018158 
772188045 216563786 263612080 110327431 979835643 784765992 281011618 290852968 443867431 734380942 417809360 279474042 866682448 
91906970 285031574 323214466 338975081 188978825 815159125 323529740 28876974 281034701 402148566 743836694 586263944 140806602 
321019426 461749768 968600777 551753318 585778495 326047045 460236206 138705198 937088537 415704983 55683981 891009182 394493175 
293194815 140384207 646325640 385459493 320758341 103880697 842559179 126258269 611174408 49674586 840202123 722483380 435940857 
225172477 423229651 761478093 411437312 559934855 127212869 176738088 991893254 645408954 198292305 638379958 11891369 319139626 
142213882 773569067 898075752 543940775 311157982 613496862 847547714 682911938 999341570 839838855 216093434 796504601 129787793 
323973987 142766207 2676100 917386519 792791998 281168785 413984639 354456159 816173304 707069290 627612558 24065059 866402446 
472896148 763731619 606572197 940044909 85349166 28767114 471483206 837878439 802487771 318722611 471666490 67638488 391995804 
633718797 212521493 438078246 139750819 51503259 319723599 322281881 499009820 25321165 791763405 391847726 627481845 288157701 
585423284 554614359 47490134 799595280 322371330 234563976 764243777 915688258 105043186 975424643 353573870 24451372 111918974 
299908516 341193520 269875249 492819369 174616169 56489427 340839993 414852595 468679714 590009022 333738148 465331312 294180654 
