1000 91421
284 648
217 135
44 541
47 992
648 138
568 252
862 726
406 196
788 768
15 591
17 900
666 881
83 210
209 731
494 710
262 355
777 764
214 425
546 506
205 281
18 956
966 143
430 787
259 29
66 516
400 780
390 993
723 12
342 539
130 125
733 363
878 450
582 594
851 673
757 583
339 595
886 407
403 415
693 117
615 155
52 217
740 619
901 884
623 190
572 209
248 340
639 874
319 773
689 178
727 618
958 518
927 273
706 604
218 383
385 740
678 290
956 169
951 556
914 264
898 870
710 895
434 766
357 879
46 986
659 905
985 234
767 635
42 263
730 184
59 92
496 646
890 322
425 930
265 644
680 208
950 162
118 417
163 815
953 431
476 368
983 658
61 788
210 983
754 386
113 854
751 127
827 379
190 606
479 470
133 940
579 46
804 896
747 602
321 598
853 147
295 639
656 825
340 508
583 552
732 528
488 371
567 272
127 853
147 715
641 743
11 295
287 195
846 227
631 313
117 176
971 459
461 315
443 600
933 822
518 814
58 950
616 23
412 739
541 187
19 758
800 8
9 608
707 804
297 534
843 372
855 708
817 801
247 413
313 652
682 249
160 717
781 908
548 499
511 711
149 3
652 101
512 952
272 378
839 283
672 638
520 712
792 337
1000 324
207 849
257 581
377 907
636 660
424 925
860 389
925 998
928 655
177 689
376 919
74 676
550 27
347 463
704 926
294 325
298 857
463 916
875 492
785 424
201 2
685 40
95 124
536 93
969 139
993 62
289 821
230 875
185 311
77 451
495 778
945 544
662 548
389 299
797 725
249 144
260 436
264 817
877 558
500 213
477 399
581 465
930 128
99 275
854 437
726 375
136 672
973 104
654 852
81 665
492 316
275 841
994 122
283 359
203 977
952 479
233 398
162 5
734 718
404 4
55 146
380 331
370 760
752 566
597 32
227 342
301 167
867 102
134 131
458 153
170 106
374 526
923 269
558 791
560 225
91 54
557 354
830 168
981 590
821 769
242 865
244 765
864 829
337 33
293 458
394 55
696 860
564 277
756 931
717 483
794 540
868 403
655 923
745 504
508 587
904 13
968 858
547 709
900 261
395 357
391 69
791 579
842 543
449 333
731 161
980 278
514 901
599 30
299 945
67 911
977 202
290 840
490 959
959 453
906 235
433 862
426 52
976 550
407 980
566 988
773 716
808 836
457 792
381 782
728 585
823 265
889 800
90 6
849 642
346 443
441 159
897 770
25 948
625 514
545 233
212 229
422 251
645 158
157 609
144 790
132 562
628 831
156 70
428 584
940 105
521 894
93 246
198 255
240 39
106 751
714 861
122 496
278 633
431 737
344 898
211 218
438 487
905 927
351 797
31 406
411 554
982 565
182 616
465 637
668 332
462 561
383 362
331 11
150 873
124 958
54 981
517 192
591 846
681 296
187 767
65 346
799 314
312 942
713 193
450 432
471 318
323 632
675 834
126 198
609 978
921 897
903 569
963 507
840 557
303 416
45 502
448 933
673 66
820 707
184 365
108 649
650 414
608 728
501 338
708 775
35 542
658 86
33 373
816 724
758 838
151 262
917 675
776 279
663 471
647 328
549 171
924 221
14 430
362 48
828 364
735 157
957 79
307 136
350 56
891 339
53 634
894 803
610 35
638 943
32 380
446 326
954 245
220 387
949 934
686 845
824 41
669 623
835 745
722 888
23 116
49 607
473 475
270 356
468 523
176 521
188 400
554 503
996 166
619 966
913 939
336 408
189 80
702 129
577 917
153 738
84 445
268 938
78 819
795 736
771 231
333 553
222 179
603 656
815 827
600 472
763 921
525 750
601 201
334 605
241 954
634 963
1 794
296 123
612 989
164 22
379 527
72 360
986 118
481 785
892 438
992 88
111 469
990 816
105 401
831 319
896 244
576 87
502 446
327 288
871 85
859 426
276 511
306 394
587 732
532 256
565 545
451 912
801 805
167 207
885 555
809 935
538 678
361 320
373 662
226 951
970 220
263 174
670 575
786 512
486 149
920 63
725 404
974 631
22 759
206 772
571 448
62 972
139 864
991 928
273 806
573 75
335 440
919 994
869 301
469 95
470 997
317 96
676 756
633 640
13 81
651 110
618 783
749 837
396 345
826 867
796 321
43 294
371 968
935 824
243 276
34 973
684 779
365 71
236 808
71 651
738 628
755 348
487 741
89 537
507 531
531 597
778 215
454 335
888 420
765 582
526 352
598 58
69 111
857 746
537 848
944 669
593 473
159 154
918 532
137 224
193 226
384 961
764 186
353 612
6 307
742 969
575 799
506 843
774 781
271 877
542 236
310 15
138 723
534 703
721 107
559 650
813 250
533 847
309 37
168 343
56 832
131 350
937 271
388 456
282 530
480 477
524 855
12 200
86 309
605 148
135 257
975 212
208 72
325 242
498 481
530 953
939 310
893 270
544 289
750 347
417 653
224 412
779 480
439 761
100 974
960 369
585 522
225 871
253 219
527 468
92 549
202 323
460 576
908 964
447 578
716 274
432 94
563 734
364 654
97 535
741 25
614 181
410 629
661 641
660 330
367 268
21 248
482 485
280 851
978 67
528 59
989 564
355 7
998 300
848 525
423 844
665 329
922 714
718 260
574 625
292 560
329 17
413 45
179 1000
238 180
110 142
882 454
522 57
780 686
125 267
671 405
445 83
250 402
838 809
695 627
286 64
606 869
378 786
902 657
94 103
909 99
709 461
805 828
938 28
123 51
803 830
472 393
140 38
812 789
200 152
934 559
414 876
104 999
570 547
643 120
96 100
146 82
936 42
215 878
807 826
418 513
519 163
50 84
24 449
873 74
332 466
145 744
907 615
387 567
884 967
195 701
629 748
26 433
912 793
649 392
683 903
399 302
183 661
697 317
926 89
437 892
311 409
562 596
509 885
505 498
497 520
692 842
98 546
165 949
657 134
910 173
231 914
10 223
119 835
819 397
694 990
175 366
972 21
464 941
228 353
356 883
459 44
2 670
866 922
427 126
552 784
679 695
782 551
589 671
637 254
29 113
825 684
770 691
274 455
328 137
88 955
743 452
467 240
739 524
604 247
515 571
322 614
192 243
375 34
20 410
87 112
611 563
402 721
453 698
635 913
594 818
553 486
640 374
223 568
152 253
363 572
690 891
984 899
818 238
258 902
300 677
617 909
703 813
255 18
386 491
456 752
245 185
997 872
943 991
489 441
455 863
988 976
392 222
279 160
513 970
941 284
39 856
8 979
664 108
63 668
691 115
161 351
811 536
485 119
858 341
3 150
116 580
766 419
790 197
419 610
484 259
962 388
653 203
314 427
5 859
235 611
761 699
845 423
746 293
213 189
844 515
613 688
237 570
251 482
588 747
883 132
602 287
916 435
82 382
308 494
73 915
330 984
234 183
169 442
256 304
16 175
841 621
748 467
352 391
802 97
326 692
36 626
281 798
154 588
700 444
368 757
37 944
121 53
887 776
254 823
305 349
964 216
646 460
475 617
143 680
180 327
349 9
578 396
27 484
775 519
829 987
987 474
847 755
932 291
995 946
401 693
318 719
814 910
101 985
197 763
429 367
436 194
393 839
760 141
173 889
148 19
267 191
366 140
899 795
60 156
416 286
915 214
359 687
452 603
420 418
171 165
478 947
762 133
798 130
343 700
408 727
30 777
627 722
354 682
551 91
338 643
128 50
369 720
622 239
621 936
103 172
719 667
266 704
196 573
677 533
302 334
967 811
834 962
632 666
705 509
833 211
837 24
715 495
499 385
699 230
341 73
491 43
64 20
372 810
483 613
48 887
229 663
7 697
440 199
607 411
895 98
942 206
112 683
174 109
965 376
114 31
737 742
316 303
204 377
79 517
261 228
70 305
219 957
539 47
41 177
874 538
444 529
863 620
586 493
852 882
80 820
596 77
850 49
759 422
772 428
946 880
115 76
76 285
768 232
415 705
753 10
540 336
409 361
789 762
687 344
142 850
405 501
348 16
503 510
783 975
535 713
644 464
155 421
872 664
474 796
360 60
561 624
199 390
516 78
397 258
191 297
580 266
239 807
172 996
822 237
879 868
252 636
832 690
158 833
861 753
724 574
626 593
4 164
729 694
979 995
711 182
285 151
38 774
961 204
107 924
194 904
698 937
584 960
948 65
793 68
466 114
358 630
880 918
543 696
620 358
701 749
129 26
398 188
345 733
269 735
288 395
806 241
324 488
630 439
320 702
720 292
865 965
642 906
102 754
246 679
51 729
674 36
291 489
876 599
688 886
181 384
85 280
569 121
109 577
667 14
736 971
712 674
881 685
523 381
504 601
999 771
178 645
784 462
624 505
221 866
40 205
911 929
442 622
141 497
277 500
57 312
836 592
744 890
232 893
556 589
435 447
929 145
216 659
592 490
769 170
529 920
787 298
304 308
931 586
382 429
590 812
68 457
315 476
166 61
870 932
595 478
947 647
955 90
493 802
810 730
421 306
555 706
510 434
75 982
186 370
856 681
120 282
