1000 82512
284 847
888 463
380 399
478 833
653 686
785 476
397 183
424 397
837 654
313 745
450 783
811 340
884 240
802 936
154 70
678 609
943 700
789 795
771 679
326 212
836 531
473 132
552 607
224 976
918 141
648 977
391 493
249 683
152 824
160 745
756 80
952 6
5 355
901 138
506 114
190 613
230 269
144 68
644 262
809 612
828 673
934 861
239 68
235 342
740 180
212 945
983 311
328 508
971 578
989 665
148 297
753 964
518 651
783 497
496 930
2 345
69 986
94 691
251 746
100 116
191 328
682 712
793 194
716 591
596 743
23 158
649 643
697 802
960 404
630 263
18 717
173 902
517 113
776 160
733 127
886 541
571 81
44 242
510 943
117 711
619 934
692 835
409 708
695 905
250 416
302 104
255 131
612 104
338 626
81 428
170 95
675 340
713 32
923 38
181 439
344 958
959 139
896 406
742 619
832 445
548 718
227 236
48 498
264 586
834 705
555 819
105 525
63 2
46 320
36 555
685 533
617 704
242 759
84 108
693 925
282 841
511 710
428 908
394 376
15 229
526 664
603 201
45 221
131 76
319 561
398 931
197 103
233 365
842 741
56 289
393 845
461 395
184 973
563 640
217 970
268 440
216 1000
540 835
629 723
354 933
538 61
146 308
881 157
204 226
425 708
483 939
369 635
635 824
22 824
458 37
823 783
710 30
905 485
215 512
996 830
690 639
660 303
928 167
689 788
276 719
488 936
885 236
615 790
726 869
484 719
449 835
171 434
859 4
570 483
8 796
664 213
200 816
493 353
557 900
360 3
780 689
104 113
751 408
456 761
845 628
719 75
732 497
259 261
429 850
93 118
57 49
567 928
794 596
938 898
138 782
878 183
679 353
553 496
211 469
198 53
65 107
904 158
916 449
261 112
514 107
487 404
907 21
232 166
308 273
150 168
990 788
634 147
761 816
180 516
463 21
27 39
443 635
559 701
324 353
879 954
390 200
187 248
386 435
672 851
507 788
183 673
906 151
930 582
703 775
639 977
528 449
320 799
715 886
240 254
351 964
976 485
236 580
950 478
509 900
741 21
838 163
669 312
273 25
969 348
847 304
869 926
824 21
337 4
489 284
772 162
315 892
666 143
641 835
245 206
512 192
321 493
1000 207
92 975
925 435
82 815
721 48
115 950
958 644
893 858
411 123
622 203
363 985
112 403
469 171
298 915
375 626
262 895
387 293
720 324
99 39
366 987
631 489
355 25
894 493
554 864
980 260
714 185
897 439
133 466
880 711
277 500
289 625
332 139
54 440
72 487
955 333
257 873
403 802
286 940
38 252
316 907
696 158
279 955
868 862
85 763
542 516
711 449
616 612
743 630
196 567
953 209
111 521
796 273
816 580
933 218
673 835
876 412
701 745
142 140
623 988
738 750
71 488
665 950
671 342
782 449
657 260
856 699
30 21
568 60
365 7
444 153
221 533
618 675
974 846
25 788
866 524
903 510
406 128
482 952
818 689
52 557
535 917
189 602
346 311
379 954
78 143
705 718
106 184
42 993
60 655
864 107
667 361
799 319
88 357
659 629
430 233
803 276
737 89
994 921
883 36
385 838
246 581
325 384
961 721
278 556
125 532
602 534
34 809
356 828
401 612
982 491
504 3
466 113
686 900
547 755
798 383
978 39
728 233
370 646
384 876
965 864
839 120
136 897
61 49
647 185
942 11
389 118
825 236
400 379
593 136
687 772
598 266
304 701
777 234
149 734
395 464
437 929
539 85
441 104
412 906
421 49
891 298
214 451
468 544
962 459
986 104
417 253
177 120
290 635
875 586
353 49
225 159
339 271
935 175
852 924
968 616
502 301
335 996
748 77
924 522
985 583
291 778
492 102
145 948
434 588
59 825
460 421
846 820
578 86
841 366
895 867
822 401
253 687
614 944
446 720
272 615
529 673
620 967
633 736
404 580
652 971
123 425
919 23
521 651
143 146
566 314
910 146
569 176
668 893
494 123
76 892
580 113
301 281
186 981
663 137
949 680
902 880
309 586
725 936
77 227
997 605
410 806
21 459
419 835
9 960
40 357
947 142
871 314
932 601
256 621
804 691
213 999
41 396
457 305
778 25
465 139
966 183
3 514
317 967
712 844
347 744
367 197
433 681
651 936
6 155
764 881
627 931
662 864
501 427
438 988
334 283
937 671
228 782
606 535
626 128
766 152
129 3
455 820
730 285
96 467
182 350
642 650
587 114
220 198
176 480
946 416
867 794
909 275
266 520
599 485
258 158
352 533
333 257
202 561
926 636
999 694
205 670
749 742
13 918
844 788
300 294
163 190
586 783
159 628
222 102
10 140
591 20
654 562
531 188
956 874
74 628
330 181
422 828
854 977
64 942
729 745
194 215
747 925
908 923
80 877
110 70
175 463
452 641
585 459
808 716
327 185
573 15
594 140
513 449
939 816
702 227
561 900
840 170
590 239
118 516
658 322
945 875
307 440
295 134
813 580
551 99
558 741
265 760
168 452
206 546
892 833
843 995
601 639
912 826
362 67
226 950
515 849
872 931
203 786
765 177
331 777
694 292
993 473
543 492
414 989
392 807
833 723
708 723
364 884
188 502
769 435
550 152
762 949
113 835
208 184
625 524
972 279
717 25
283 988
890 204
565 121
86 347
405 452
530 600
141 125
464 353
724 68
436 475
416 844
435 10
670 21
683 265
442 435
420 164
857 199
975 417
920 616
913 621
357 734
102 833
426 747
448 750
534 979
556 589
348 343
97 102
821 854
691 629
340 449
792 432
889 487
597 788
979 553
164 922
280 603
490 544
784 166
681 55
53 415
963 758
135 439
371 842
579 397
134 1000
584 966
241 525
576 598
167 606
940 126
850 988
50 549
520 792
210 388
128 140
427 363
439 152
480 304
801 367
124 140
381 673
137 310
192 501
322 334
527 978
770 597
898 380
731 401
984 545
32 679
549 793
238 642
477 674
342 586
153 87
760 715
877 576
498 768
388 820
961 832
209 537
158 353
981 745
14 433
35 902
11 660
306 831
817 344
459 157
636 211
481 104
79 939
589 385
121 246
67 938
524 158
604 735
361 808
810 76
562 73
745 340
453 868
323 459
887 750
368 477
470 3
787 283
402 671
103 571
656 260
537 220
374 641
329 720
525 559
127 464
995 28
744 730
454 231
169 182
311 900
572 33
917 617
349 905
595 885
574 986
882 21
746 175
119 745
921 319
51 659
806 967
383 668
495 533
936 516
305 954
269 836
800 420
874 731
750 113
977 456
661 320
70 894
139 900
260 931
234 337
600 100
899 440
292 785
516 513
120 126
870 401
944 641
237 455
643 317
179 221
162 91
462 712
900 717
922 98
476 789
795 727
704 230
475 452
862 607
735 375
759 354
621 305
637 685
564 741
39 311
62 948
359 237
768 311
700 817
288 226
788 49
116 565
650 401
467 703
12 268
575 23
166 807
706 84
207 345
805 972
358 973
814 94
281 622
632 673
372 511
951 245
957 362
26 472
271 513
431 379
229 852
107 104
486 892
399 652
243 345
479 750
752 271
423 647
299 458
755 175
132 951
592 748
624 651
98 29
812 519
219 120
75 174
775 526
607 93
581 805
964 717
688 900
83 769
270 752
638 706
954 640
231 878
873 280
831 957
674 801
911 517
336 550
523 335
546 368
757 640
609 181
472 835
58 610
157 723
312 21
244 76
655 57
7 160
853 976
16 580
73 300
408 130
396 796
165 791
519 616
829 894
533 104
849 76
640 782
174 988
474 304
851 507
677 222
826 187
998 455
858 390
31 738
267 13
432 44
848 176
988 452
676 773
343 189
373 441
865 183
503 459
47 177
263 667
155 997
855 404
807 353
185 723
471 65
294 50
140 723
830 66
90 334
860 507
130 17
583 196
970 104
29 364
275 726
4 711
122 332
440 260
915 499
991 986
89 708
17 530
588 798
582 762
303 749
68 528
613 800
247 844
24 139
544 248
314 966
318 829
287 492
310 573
201 909
827 799
345 788
451 686
709 319
195 745
341 641
254 482
445 272
108 42
485 493
754 456
774 309
734 585
151 536
610 311
699 503
505 737
541 953
382 879
863 249
101 822
973 597
739 738
296 216
536 927
497 102
791 375
608 835
156 752
37 863
707 594
948 983
532 64
126 397
992 845
297 883
413 866
66 773
797 554
499 96
736 365
19 756
967 782
199 558
43 826
722 610
861 169
378 859
645 129
109 722
522 394
376 306
252 837
684 75
763 353
418 14
193 671
500 731
815 315
718 185
223 753
931 353
577 516
987 849
178 463
293 19
147 176
611 720
698 879
605 191
819 751
779 260
786 325
87 459
377 107
508 148
274 165
91 663
727 903
95 442
172 816
407 925
790 638
628 705
773 973
758 769
767 497
55 299
820 107
929 563
914 264
491 697
781 296
28 697
560 505
447 761
545 875
350 891
415 387
285 278
218 92
248 723
33 627
1 365
835 723
646 302
680 418
161 153
941 594
114 140
20 969
927 267
