100 1
4 52
85 13
74 45
62 53
95 71
56 100
23 73
78 54
95 33
24 64
85 100
99 13
67 82
14 79
35 67
37 28
78 17
97 39
57 35
23 87
98 29
90 87
50 76
93 16
17 52
29 90
26 40
24 71
2 33
77 27
3 89
55 96
34 94
41 72
24 86
30 69
9 53
9 91
48 93
4 7
95 44
19 66
74 58
30 7
97 10
49 81
31 76
76 79
2 96
2 83
65 83
21 86
26 55
32 28
84 50
4 91
3 45
46 44
95 47
20 78
31 95
80 81
68 59
15 31
37 25
22 49
31 42
56 10
77 8
1 34
21 18
63 90
74 69
24 8
66 9
30 72
88 93
75 27
67 81
66 36
95 59
60 79
23 46
43 23
6 47
5 18
38 46
3 94
3 12
67 41
51 64
2 58
38 11
61 90
92 25
4 39
93 95
70 12
37 89
