999 83259
201 220
110 39
462 561
500 309
954 666
140 728
280 850
761 235
646 146
201 902
827 659
714 55
410 671
161 854
159 511
115 363
102 216
464 64
793 254
282 153
431 324
875 532
494 242
713 32
698 388
842 744
818 509
498 495
108 495
950 268
891 114
475 800
745 569
698 748
12 539
812 303
115 376
958 591
161 178
262 61
378 669
321 338
65 780
181 622
51 329
276 96
184 241
432 780
793 400
392 797
942 127
300 320
559 784
458 532
806 823
598 763
188 173
148 874
103 84
456 266
291 907
354 573
494 145
359 172
236 555
146 676
991 608
771 11
31 840
675 21
83 403
230 33
123 260
689 801
643 694
250 253
393 253
242 528
463 40
212 315
525 796
566 547
60 32
525 895
640 816
522 483
940 663
61 501
695 299
412 950
172 20
531 220
990 530
415 32
190 188
442 731
873 136
490 994
945 201
423 967
255 321
419 513
939 475
368 344
899 15
931 865
503 514
901 962
433 966
197 779
743 770
337 922
459 139
965 763
956 554
724 544
598 847
12 461
781 248
670 95
291 2
271 537
925 642
468 424
431 971
327 191
457 702
540 48
375 921
683 20
651 918
770 701
54 793
213 689
279 312
313 786
459 92
752 112
753 361
523 580
914 118
486 855
683 710
429 395
361 117
435 778
924 543
928 449
566 47
442 422
35 741
805 535
967 439
244 534
325 757
609 935
587 599
831 224
523 162
465 65
76 17
760 516
279 529
867 39
59 63
520 750
278 156
440 876
714 544
873 982
633 24
152 973
965 556
529 576
861 421
304 340
31 302
477 195
538 777
818 188
958 426
445 673
918 718
370 568
851 37
499 452
296 724
267 365
597 570
234 996
297 648
826 351
511 852
913 507
167 761
619 400
887 225
598 329
950 669
283 655
503 124
474 143
891 226
170 129
751 3
873 832
583 65
45 999
390 529
704 276
842 66
860 841
135 365
723 441
527 106
597 462
980 69
105 905
873 964
420 203
578 654
744 605
794 334
741 4
394 114
589 719
576 532
538 424
802 86
231 754
223 67
148 829
741 809
126 834
978 6
296 233
592 648
288 803
644 964
252 199
295 196
431 929
285 912
131 511
284 932
896 984
377 845
665 367
201 15
58 606
109 699
711 278
357 646
426 755
601 581
175 123
653 74
920 317
641 915
685 330
72 884
373 789
53 986
58 911
49 649
276 814
297 277
348 254
285 652
451 761
857 388
148 987
987 356
997 390
91 18
942 33
174 576
131 844
68 955
339 287
799 100
558 761
386 853
186 216
872 413
399 878
510 330
392 630
565 212
574 181
745 884
209 825
652 249
489 192
437 697
264 490
401 71
50 546
745 991
661 574
727 772
854 660
462 853
772 480
890 7
650 864
873 858
643 218
43 190
884 629
538 907
632 473
123 236
34 408
542 468
586 635
188 883
573 575
701 298
137 465
420 804
78 935
385 731
15 248
37 69
994 244
200 898
401 750
366 777
456 496
908 32
132 516
812 493
406 119
37 397
578 128
543 7
140 613
739 519
587 453
831 764
952 224
213 480
411 362
511 905
230 245
887 204
190 307
824 657
308 335
197 163
61 621
747 848
512 497
695 101
714 334
281 182
406 693
123 634
83 588
467 795
412 798
758 593
77 554
533 872
472 381
393 232
836 213
629 932
700 823
348 852
376 23
193 12
733 854
575 395
879 785
401 734
456 730
479 158
113 338
732 974
184 326
885 212
341 308
135 74
321 662
402 951
870 717
462 742
230 975
446 601
761 808
104 265
80 317
867 191
115 956
70 302
848 855
664 97
515 705
709 913
272 119
868 38
995 563
968 841
423 749
211 117
469 306
799 487
368 427
259 559
810 792
658 546
147 887
857 790
179 499
158 214
16 698
672 535
226 389
617 208
358 835
811 168
665 766
926 75
457 374
600 479
643 948
723 755
934 858
51 124
523 536
213 345
771 453
678 949
212 239
257 681
766 882
776 891
155 741
484 537
445 13
650 469
317 192
162 428
791 618
57 139
481 943
156 194
888 890
740 259
36 198
81 781
744 273
934 785
304 965
587 362
829 301
56 933
891 396
280 442
830 215
159 180
16 130
53 739
508 705
262 508
122 717
102 143
919 20
901 552
773 421
618 869
483 53
892 767
438 545
794 906
953 47
121 421
226 422
624 594
333 661
817 847
344 746
158 978
625 289
462 112
626 244
856 706
86 783
460 426
909 790
987 504
184 595
462 822
54 353
794 748
977 539
562 551
726 237
187 789
383 696
719 508
799 680
872 514
741 627
652 971
96 734
672 221
828 476
280 930
752 659
378 414
674 264
652 38
620 546
291 11
647 63
287 885
573 846
420 690
391 409
804 320
518 46
360 982
981 622
505 801
465 557
265 666
682 587
17 103
125 876
407 705
12 256
355 761
524 977
925 129
873 517
811 330
481 933
550 153
960 630
449 308
947 840
817 693
230 92
51 645
812 927
724 596
636 177
230 903
411 150
470 854
899 409
429 606
393 218
426 949
799 686
229 830
108 667
393 222
337 963
813 551
668 588
217 220
195 109
379 567
901 474
478 915
456 756
548 114
820 553
958 585
103 71
279 695
208 936
991 545
582 891
568 9
577 697
262 863
632 442
42 430
472 403
121 411
914 754
323 772
230 249
762 553
297 906
503 779
431 221
811 720
14 936
446 169
985 944
587 694
177 932
207 354
141 273
62 759
721 285
387 134
962 516
165 490
346 30
22 926
29 922
176 258
392 118
942 673
73 491
914 767
332 274
49 70
762 931
809 274
459 605
810 593
488 531
656 441
851 526
598 941
696 813
186 822
546 712
925 28
142 684
465 98
806 210
300 210
382 970
961 913
732 364
135 686
305 116
715 929
8 322
732 889
154 614
918 619
893 201
318 560
237 258
484 655
615 496
160 166
987 150
226 530
305 208
372 476
860 206
17 425
15 157
7 933
643 90
583 747
156 985
121 917
806 788
687 894
282 44
603 443
794 894
247 677
952 26
393 6
8 518
102 684
722 475
371 835
79 737
349 665
633 877
247 402
133 613
328 618
330 464
52 215
332 90
857 309
310 702
460 602
609 245
188 286
974 706
342 999
868 970
838 660
133 101
73 467
110 232
637 207
111 701
256 796
411 608
437 700
900 324
36 19
103 106
886 416
283 166
926 42
625 657
675 797
482 783
656 502
720 2
450 125
99 23
51 67
158 263
181 46
269 567
533 880
564 645
134 342
347 241
955 186
549 979
276 688
37 319
85 654
54 433
134 450
825 413
991 380
246 939
671 818
240 877
476 566
431 803
833 192
188 299
444 966
518 222
774 4
447 471
88 761
923 742
196 217
784 270
87 728
670 737
375 903
652 528
434 417
182 144
568 467
799 389
505 443
725 518
446 484
350 94
215 370
434 97
955 783
937 374
781 326
873 55
683 230
518 319
572 436
525 439
633 487
455 190
974 94
995 346
32 225
553 786
371 621
239 596
594 977
82 49
972 277
352 355
542 228
418 285
209 120
219 275
1 348
3 243
434 834
149 127
342 44
423 738
138 281
821 163
25 887
989 786
467 502
77 921
583 185
250 381
969 19
462 635
580 10
679 717
736 556
904 144
463 286
862 757
887 184
618 251
260 676
952 48
301 507
291 28
230 680
251 100
672 95
431 898
161 27
670 416
205 183
116 356
827 343
521 460
666 959
41 813
134 404
584 818
725 238
281 807
574 5
261 359
305 336
338 878
992 849
612 17
445 897
108 512
616 775
925 895
91 703
219 171
652 795
247 103
695 730
842 192
337 513
468 497
691 35
432 84
672 173
859 504
628 303
881 86
511 397
695 746
202 595
761 36
481 271
682 541
36 845
916 658
979 786
687 973
79 519
871 638
701 331
567 408
475 604
708 721
765 414
976 157
988 304
873 198
456 555
707 481
550 623
670 703
133 843
311 18
437 164
866 602
812 430
431 517
459 268
392 206
957 98
230 501
281 819
189 510
566 230
729 343
321 668
587 927
435 610
432 351
525 963
448 732
998 910
452 663
955 938
806 642
243 918
58 944
485 412
251 128
81 769
27 171
899 93
784 736
687 882
459 599
89 631
292 604
70 380
114 560
942 911
361 756
867 590
384 40
925 471
475 826
753 546
460 579
184 948
375 623
454 577
993 192
946 759
316 764
762 735
434 436
701 816
335 190
951 915
405 539
860 614
815 813
839 843
625 310
81 946
611 162
230 21
689 832
314 590
837 435
393 638
904 788
466 712
188 792
258 533
787 20
571 423
856 266
219 865
183 824
110 631
698 417
294 357
492 692
759 408
639 259
910 850
188 941
199 671
331 24
151 932
107 701
116 716
660 506
775 325
227 159
849 265
368 984
332 275
849 369
768 35
551 288
187 493
457 975
290 13
459 561
480 996
29 681
398 716
692 370
849 511
484 136
983 423
156 757
699 421
723 306
826 883
435 806
244 87
717 263
926 452
753 607
59 897
551 782
293 815
995 290
431 26
723 10
