1000 1
353 968
882 603
408 912
464 286
621 982
170 403
627 689
839 505
537 42
324 218
746 361
494 302
730 814
131 298
351 893
78 588
471 614
9 20
145 747
143 517
41 615
872 940
887 35
178 320
583 860
858 249
639 750
253 786
881 696
148 8
110 509
863 3
18 108
647 239
643 811
945 417
37 908
163 662
256 448
213 898
459 306
591 190
87 390
258 545
649 20
861 247
985 831
730 132
168 640
752 173
276 593
381 697
927 823
66 406
291 500
21 763
490 928
704 351
557 98
414 136
29 409
185 910
629 631
837 947
380 676
856 603
707 568
981 975
995 649
414 171
908 844
56 122
118 430
204 241
384 165
457 409
214 886
519 72
435 259
534 205
506 339
562 479
127 455
367 48
775 354
624 187
907 323
176 508
343 679
325 875
204 569
841 140
346 7
163 682
733 543
855 895
323 899
26 401
483 665
946 345
918 152
985 331
399 951
989 49
888 593
590 1
291 213
281 679
810 295
708 36
735 663
1 979
345 126
143 462
465 873
725 964
57 688
558 405
804 8
204 133
440 317
716 666
346 356
807 455
183 770
688 241
226 417
413 554
185 904
525 188
448 92
40 373
246 655
586 768
341 95
601 284
598 554
175 282
169 330
487 258
872 962
757 880
675 886
291 626
26 117
732 833
360 194
444 742
444 936
508 254
390 16
862 831
979 31
404 122
12 271
723 195
506 15
718 548
765 11
901 46
101 23
854 820
845 297
997 899
225 230
200 892
283 475
283 956
577 50
444 74
815 98
973 279
900 793
866 411
407 276
909 782
469 164
564 699
129 816
572 21
733 262
168 870
91 396
28 31
491 100
36 935
89 441
644 218
380 689
897 799
310 138
336 472
68 989
204 224
816 750
701 664
339 825
608 730
175 239
379 816
102 691
362 829
25 783
35 120
481 11
497 824
510 656
535 632
932 555
865 728
647 523
191 484
111 86
169 657
183 405
769 960
946 996
839 302
172 106
263 783
592 286
973 426
52 301
530 148
600 498
274 994
40 161
167 75
704 781
941 316
242 350
922 260
2 681
231 387
13 107
435 620
196 875
900 785
486 335
337 519
986 795
884 539
257 70
214 372
201 401
435 748
220 279
440 802
59 393
694 340
999 6
822 37
491 77
264 786
153 416
701 874
238 463
402 606
951 937
641 576
911 525
28 63
779 516
333 794
493 982
623 907
390 883
292 958
166 532
364 442
415 53
318 671
251 285
137 907
461 965
629 365
458 469
526 69
111 654
225 951
883 731
4 505
288 337
775 217
843 393
705 783
880 602
942 671
507 853
88 135
913 300
508 232
1000 232
751 349
341 165
515 887
103 645
906 199
824 559
946 948
745 618
367 817
564 396
312 838
22 322
202 482
836 469
357 673
581 930
638 304
945 267
572 477
339 840
542 900
374 499
728 769
463 497
949 479
929 142
811 244
250 191
293 305
628 434
144 43
724 443
204 30
576 510
889 749
700 543
760 488
646 981
473 783
481 280
206 470
803 236
344 152
292 198
698 524
127 753
735 378
973 571
402 171
433 330
290 920
23 746
879 219
572 833
154 332
997 512
479 220
106 319
160 14
314 705
93 792
211 83
525 971
230 668
848 704
242 442
764 138
345 960
573 282
980 666
334 602
277 620
391 903
446 232
438 587
398 690
275 369
516 344
558 976
58 227
519 808
328 651
846 694
514 212
857 820
878 27
105 950
147 711
897 503
310 774
659 472
262 287
489 367
389 987
796 977
59 550
528 734
883 926
444 96
127 421
925 410
981 113
683 139
995 128
762 283
582 382
720 479
221 718
965 982
695 189
509 64
21 217
612 400
268 265
5 331
465 252
839 355
360 551
321 989
589 443
570 953
755 300
245 337
220 3
397 340
10 56
158 317
913 778
292 805
961 7
184 704
62 674
32 17
556 650
94 128
183 212
820 563
992 655
329 519
829 320
701 82
345 77
527 6
812 182
707 199
675 411
565 669
906 657
40 156
847 982
284 338
318 313
494 518
821 409
111 46
491 524
509 447
128 578
310 255
871 447
579 799
758 660
932 741
213 313
760 705
658 63
932 135
798 228
308 48
454 116
920 139
358 655
273 105
388 501
474 550
306 717
134 557
670 987
829 813
735 637
242 73
478 100
915 533
352 926
32 520
698 545
979 520
913 541
748 669
727 184
453 640
415 539
972 158
161 585
903 269
216 859
377 373
995 890
324 870
151 695
374 361
256 375
44 13
130 915
229 200
610 238
883 348
655 689
12 182
595 176
842 802
716 772
604 585
818 622
362 540
938 685
856 754
722 194
504 619
769 502
229 234
549 567
363 648
911 811
272 188
243 149
953 659
324 917
856 84
121 503
412 511
535 53
445 482
32 426
185 952
366 989
124 738
530 580
494 618
454 271
250 233
310 645
776 648
885 197
945 785
67 497
161 287
997 61
258 551
52 717
52 652
536 73
18 444
180 615
210 678
586 17
579 774
373 296
146 924
686 237
161 763
60 278
850 154
829 86
289 674
12 968
777 15
629 977
204 606
256 324
978 394
748 904
26 729
487 963
947 628
716 547
709 924
310 560
45 502
186 835
593 784
79 206
440 30
204 348
149 744
938 211
728 642
424 621
990 248
54 691
597 889
538 757
964 373
659 769
379 240
312 607
794 469
931 460
748 813
4 195
561 651
829 119
583 136
92 186
780 578
214 625
789 165
492 398
24 783
466 849
174 582
940 971
310 983
175 693
620 173
954 916
736 179
266 860
318 421
810 712
544 731
230 766
939 762
422 190
698 809
215 632
207 90
278 850
391 112
216 237
223 858
733 967
637 96
596 508
739 228
397 680
702 758
593 326
273 552
757 984
415 936
746 771
438 703
966 873
905 316
526 220
242 778
546 989
514 205
748 555
564 759
833 919
630 598
222 869
258 403
536 335
359 964
204 81
18 235
145 449
487 554
429 941
164 843
382 848
647 868
57 41
796 617
661 915
694 693
123 510
61 437
489 452
249 319
500 696
210 658
216 476
574 679
633 304
479 385
542 104
273 616
829 133
611 902
672 543
371 278
543 737
593 839
506 395
592 372
979 484
564 74
149 141
436 447
168 983
647 823
349 780
204 496
386 270
27 601
814 280
481 198
492 852
908 913
285 15
474 772
509 166
178 892
163 264
537 498
832 285
208 527
757 905
923 710
957 930
609 114
889 922
634 654
687 479
19 117
177 97
519 761
334 876
938 482
989 744
78 883
102 876
998 71
344 699
381 978
862 712
839 227
702 790
164 756
32 192
139 827
432 773
834 114
647 236
122 186
214 770
915 80
884 849
55 879
726 1000
584 39
894 482
604 773
996 441
686 828
521 597
146 692
867 459
883 560
262 614
9 81
719 554
814 877
439 656
792 563
701 826
22 880
670 567
392 165
906 613
839 958
758 994
940 365
633 247
450 72
376 523
684 495
530 13
59 430
380 803
70 265
467 179
787 635
427 510
200 622
644 660
810 116
470 451
103 437
973 766
972 864
402 197
334 531
684 834
146 893
222 465
412 758
289 898
213 738
465 826
653 915
318 267
812 673
157 920
47 820
634 734
806 450
934 952
594 538
927 270
181 989
65 72
991 277
911 993
107 557
508 467
788 617
139 723
109 553
955 719
155 469
981 922
795 55
542 332
283 444
829 599
485 681
334 742
714 877
428 42
415 305
846 328
298 244
492 223
99 599
416 848
716 569
574 586
90 475
414 83
706 82
862 868
927 248
361 480
919 257
149 982
959 999
120 916
114 667
584 356
204 665
420 874
605 209
216 921
57 303
853 609
362 29
346 568
607 917
702 238
713 889
681 326
574 970
143 464
299 635
289 187
791 655
808 541
686 531
698 547
715 234
204 625
342 907
914 347
851 113
50 703
175 532
489 656
145 150
85 679
369 52
940 394
797 613
465 587
409 782
379 882
468 225
854 575
310 710
972 410
127 203
760 901
361 39
307 119
686 192
229 677
854 289
516 315
782 142
76 269
659 896
294 126
537 631
34 84
935 615
522 566
517 695
80 255
148 976
26 828
347 173
418 719
481 260
584 809
589 91
311 460
444 224
747 571
998 62
368 668
633 825
422 840
431 469
381 566
592 355
363 350
363 768
146 921
974 578
730 120
444 690
590 327
801 290
391 364
51 664
402 203
589 943
389 295
744 480
897 140
125 328
374 208
846 162
931 910
419 75
675 406
225 261
388 729
830 332
309 482
721 354
556 810
75 713
22 297
577 456
819 399
944 120
264 759
856 817
111 43
339 193
102 97
159 40
548 553
694 950
387 811
933 164
767 501
912 366
341 829
875 234
529 75
728 219
891 278
370 68
930 566
38 349
449 425
740 680
544 193
513 476
856 753
222 718
478 902
209 638
923 400
470 148
504 644
161 692
537 859
684 579
209 33
895 696
800 504
454 928
301 741
636 787
628 242
113 711
736 518
383 496
423 655
115 793
988 284
969 746
284 707
701 14
810 252
798 805
743 907
810 754
425 635
