999 1
898 709
633 908
551 1
726 1
16 1
174 1
449 642
975 1
923 1
914 1
429 1
158 1
383 1
500 315
512 1
54 938
657 62
904 1
358 1
413 811
605 89
867 1
708 1
715 1
857 1
630 1
636 202
914 195
662 296
409 1
919 1
198 1
413 1
481 767
163 1
667 1
539 1
6 1
772 1
610 947
404 596
431 1
672 704
928 1
860 139
965 1
801 369
907 1
249 138
436 1
199 637
217 741
50 578
445 170
85 365
899 1
826 250
728 1
398 566
166 1
689 1
117 1
172 393
480 1
635 302
332 1
913 1
129 892
800 1
731 345
696 1
794 656
458 1
278 403
502 846
31 14
610 1
800 255
271 1
479 1
46 749
284 104
357 1
95 966
529 1
592 567
849 1
658 1
913 154
206 969
693 949
388 1
955 1
307 1
180 1
122 663
343 506
564 152
76 1
535 1
899 230
444 1
643 651
901 1
469 328
694 1
402 1
565 1
463 93
385 80
528 1
836 960
791 232
532 1
822 161
341 222
91 411
404 1
445 1
904 542
425 1
751 1
518 795
758 515
523 1
984 1
859 603
193 123
924 1
191 937
782 57
926 915
155 877
95 1
370 466
374 1
670 570
135 185
358 244
108 762
474 1
590 821
71 362
612 916
684 1
42 1
931 611
339 483
643 1
572 1
494 861
987 1
634 1
561 1
409 317
520 1
639 1
24 1
408 319
721 1
702 238
696 405
923 4
954 940
601 1
712 1
518 1
53 455
804 967
564 1
794 1
284 1
49 963
760 1
256 1
594 1
5 1
234 120
981 586
219 952
792 1
905 1
329 1
659 1
60 1
658 593
15 505
606 1
980 874
417 1
210 293
380 1
279 1
529 887
253 178
47 1
52 18
423 546
849 627
976 1
199 1
924 331
237 789
502 1
684 759
508 1
130 1
507 498
3 671
25 1
985 497
259 324
948 228
26 1
183 678
998 1
221 320
253 1
39 1
133 970
444 691
623 262
893 1
929 288
765 632
733 1
886 845
599 1
414 692
30 1
418 473
487 1
860 1
873 1
853 125
157 1
879 1
31 1
932 1
50 1
330 1
850 753
489 1
694 281
807 549
430 584
261 1
831 179
196 1
831 1
218 422
740 140
673 882
534 377
948 1
847 399
309 994
886 1
352 1
804 1
537 1
12 1
763 854
553 416
561 959
616 1
20 872
600 1
380 81
468 151
385 1
660 70
429 356
348 64
875 1
582 291
183 1
470 1
728 464
719 934
136 1
431 215
921 890
652 851
660 1
615 988
893 205
389 1
858 766
37 1
676 1
172 1
97 186
579 9
206 1
97 1
113 1
654 27
859 1
30 997
955 773
655 366
16 224
381 862
382 1
817 1
350 1
885 1
424 1
38 236
251 629
462 1
383 690
592 1
535 355
850 1
946 774
716 1
106 1
879 467
900 703
210 1
322 783
298 310
623 1
283 231
697 1
307 142
256 390
341 1
796 169
136 254
23 550
782 1
32 1
109 1
585 459
109 941
266 443
54 1
807 1
558 61
305 1
258 371
628 1
168 1
985 1
388 17
46 1
7 1
327 714
823 830
285 264
868 241
382 720
530 1
986 1
21 1
675 524
667 111
188 308
267 1
85 1
32 493
777 510
200 1
368 495
576 1
249 1
34 1
702 1
856 471
715 768
905 204
263 465
117 22
936 1
748 415
840 207
808 723
488 1
990 116
912 832
552 121
731 1
750 1
174 638
876 118
462 989
676 438
338 1
133 1
271 128
716 146
451 1
757 1
902 1
946 1
822 1
928 44
525 1
387 1
738 268
700 1
247 1
911 100
477 852
155 1
216 235
221 1
190 1
897 1
950 1
981 1
323 1
12 918
880 803
612 1
434 1
747 1
740 1
595 349
218 1
679 1
911 1
227 1
585 1
929 1
225 1
427 650
816 1
386 968
902 86
880 1
686 802
68 992
474 825
197 73
519 1
615 1
786 589
90 1
910 119
47 669
374 19
558 1
681 1
930 571
468 1
864 412
292 995
313 871
537 501
447 1
98 286
350 299
626 326
387 48
553 1
876 1
697 779
280 1
275 41
815 1
805 1
475 547
507 1
237 1
605 1
891 848
840 1
258 1
478 245
311 1
742 999
150 110
275 1
40 94
824 294
954 1
67 1
370 1
921 1
661 1
661 167
764 1
931 1
107 441
137 257
525 798
758 1
787 645
84 1
816 209
407 375
131 1
180 456
124 1
573 884
45 1
672 1
127 1
107 1
604 134
998 35
478 1
604 1
435 1
434 333
398 1
323 220
430 1
881 453
105 492
688 906
454 1
283 1
682 1
867 933
433 869
246 1
900 1
252 201
25 701
425 335
519 982
983 1
711 1
601 925
306 1
594 372
280 843
406 103
504 421
343 1
436 171
479 974
569 1
60 993
630 503
757 102
721 461
719 1
364 1
654 1
261 544
208 820
695 575
674 96
953 819
530 194
87 342
560 452
3 1
227 373
182 793
63 115
114 448
137 1
84 962
45 587
980 1
842 55
609 379
38 1
901 958
990 1
956 272
108 1
391 513
339 1
808 1
600 775
747 485
792 964
71 1
51 1
673 1
543 538
708 562
557 1
639 446
986 318
504 1
475 1
15 1
336 450
751 162
364 484
394 640
599 496
977 1
953 1
875 229
279 300
494 1
40 1
424 101
868 1
500 1
734 705
771 437
588 1
36 1
724 597
184 736
726 92
734 1
856 1
428 680
252 1
214 583
909 1
214 1
406 1
523 511
242 395
24 56
11 1
432 1
853 1
75 1
72 526
917 1
90 961
707 677
198 145
211 156
499 159
68 1
864 1
674 1
817 866
297 1
936 737
707 1
28 126
633 1
777 1
36 602
509 514
402 744
219 1
34 810
7 536
33 1
82 653
160 1
298 1
617 1
187 730
274 1
173 439
33 165
551 359
699 1
943 1
588 944
712 624
392 1
659 77
428 1
499 1
491 1
113 971
532 248
771 1
354 727
278 1
338 922
956 1
486 79
652 1
305 189
6 732
718 1
814 1
617 927
662 1
950 419
322 1
527 1
440 1
246 577
381 1
37 648
191 1
28 1
644 1
780 1
559 979
150 1
641 813
508 351
410 1
397 74
912 1
582 1
620 939
646 1
75 870
636 1
646 812
20 1
329 164
321 1
975 290
158 295
839 834
579 1
559 1
991 1
260 1
682 289
763 1
316 945
292 1
910 1
693 1
785 664
389 277
336 1
796 1
449 1
311 809
765 1
626 1
841 347
748 1
855 555
67 346
330 665
738 1
368 1
21 844
486 1
357 334
5 878
105 1
772 148
943 226
625 360
187 1
836 1
51 581
842 1
791 1
407 1
98 1
760 442
516 717
984 181
670 1
82 1
440 177
824 1
545 29
527 685
543 1
59 942
695 1
247 996
907 287
53 1
408 1
63 1
91 1
122 1
628 580
410 888
251 1
451 426
225 725
316 1
463 1
384 903
713 1
193 1
217 1
733 243
400 1
932 889
987 598
208 1
354 1
557 827
563 666
609 1
332 722
397 1
203 746
106 776
739 1
352 460
620 1
522 1
977 213
742 1
39 621
480 521
713 818
837 1
873 619
384 1
590 1
517 69
190 745
686 1
689 396
469 1
625 1
487 710
76 325
260 541
490 340
857 951
528 618
755 687
797 829
242 1
516 1
785 1
847 1
59 1
418 1
799 895
897 401
926 1
576 554
363 754
391 1
476 1
344 1
129 1
534 1
896 978
655 1
681 683
432 556
739 13
130 865
239 1
488 957
42 973
644 781
750 175
573 1
569 788
394 1
454 770
885 223
234 1
267 540
607 533
491 548
801 1
574 1
297 376
724 1
306 894
216 1
344 790
11 314
616 147
563 1
679 132
572 83
423 1
787 1
313 1
476 240
400 668
647 1
614 1
184 1
826 1
87 1
595 1
855 1
560 1
239 828
285 1
458 99
780 472
114 1
348 1
976 233
420 1
983 273
392 756
972 1
173 1
477 1
841 1
917 2
367 1
78 143
482 1
188 1
52 1
718 66
688 1
433 1
699 312
166 613
883 1
49 1
470 144
965 920
891 1
833 1
649 1
522 863
764 608
839 1
386 1
427 1
930 1
363 1
815 735
321 743
606 265
163 269
417 361
182 1
168 835
509 1
211 1
127 43
657 1
909 622
833 10
482 531
489 282
196 761
711 304
919 729
135 1
517 1
124 301
414 1
991 337
784 378
896 1
698 1
797 1
78 1
274 935
160 88
972 806
698 58
574 303
72 1
481 1
814 591
157 153
327 1
755 1
805 112
837 176
823 1
898 1
203 1
634 149
26 778
545 1
367 65
490 1
565 706
131 631
512 838
635 1
197 1
435 353
539 568
263 1
784 1
858 1
883 276
786 1
420 141
309 1
447 212
649 8
607 1
552 1
200 270
700 769
520 192
881 1
266 1
641 1
614 752
799 1
647 457
23 1
259 1
675 1
