100 1
100 44
82 15
56 50
24 18
91 98
43 75
17 94
70 91
36 8
47 80
32 31
22 50
37 27
38 16
86 48
73 84
63 51
33 30
27 68
21 67
67 91
9 78
26 86
39 54
83 95
60 56
100 47
11 24
16 23
57 91
51 39
34 72
25 73
76 67
98 48
4 1
53 36
15 4
40 37
81 33
95 93
84 66
77 39
29 89
58 40
55 35
93 38
89 39
18 64
96 51
19 28
49 88
69 96
41 34
50 48
99 52
3 57
13 19
79 22
90 98
45 43
68 32
87 46
14 71
35 45
75 5
44 61
5 14
74 6
92 91
12 83
23 9
78 11
71 85
65 96
85 82
88 13
31 56
20 89
72 12
8 98
80 89
59 77
30 48
46 94
10 81
94 48
7 77
42 48
28 41
61 49
62 76
66 99
64 25
1 58
97 92
6 67
2 59
52 55
