1000 56399
690 165
546 741
745 357
704 754
371 313
423 912
947 759
604 166
760 922
153 414
295 511
811 629
828 387
974 779
392 137
869 706
877 914
553 763
628 790
462 180
681 419
397 527
897 870
974 521
363 912
392 514
975 54
998 514
769 711
704 77
173 64
425 410
621 892
858 415
124 884
867 652
908 289
776 219
36 429
734 400
52 993
829 709
71 892
798 171
153 54
646 610
811 931
844 351
469 720
489 710
497 513
607 218
867 374
989 583
798 566
367 215
103 518
135 255
947 661
47 855
459 29
536 717
510 330
869 79
326 586
778 918
133 34
113 504
651 728
626 672
690 756
266 840
142 707
147 829
649 38
439 842
250 794
394 411
474 14
590 212
726 347
564 581
413 985
439 317
757 340
1000 333
773 577
189 241
190 386
930 957
361 818
394 516
490 835
424 406
162 464
826 440
490 473
683 804
843 923
303 534
748 315
668 939
435 447
364 910
441 500
332 603
955 807
687 702
821 859
739 771
430 594
701 410
593 90
216 868
384 741
424 225
773 883
321 519
533 821
136 146
621 296
195 239
770 983
355 290
107 415
641 35
103 710
623 868
57 9
481 227
33 962
997 125
170 404
980 946
220 768
687 51
828 586
40 218
264 380
718 994
92 762
102 272
167 895
104 300
53 988
967 677
319 613
811 857
230 279
284 163
8 600
430 450
798 569
934 723
965 768
7 890
926 78
268 875
435 696
764 231
529 56
877 347
4 987
319 187
691 640
121 303
120 298
136 507
110 210
770 339
872 492
295 234
938 232
809 888
863 60
763 451
828 475
976 609
445 720
774 708
198 314
637 506
402 840
917 815
8 279
41 906
355 882
809 255
646 263
490 479
932 314
780 981
809 587
953 573
467 351
204 137
909 176
271 603
71 522
726 672
863 536
377 903
436 130
266 528
828 709
828 155
485 256
493 87
10 152
439 417
41 76
41 837
439 21
536 915
288 373
342 179
341 299
692 269
455 733
775 890
510 191
993 725
39 914
645 20
288 349
202 59
900 711
631 98
809 159
39 91
674 548
621 567
616 5
41 77
979 241
920 43
993 864
802 331
124 876
233 348
438 187
439 383
182 174
274 649
172 253
778 834
910 532
192 178
202 390
97 860
341 280
196 971
71 383
49 830
997 852
41 6
302 657
636 449
663 798
748 601
335 177
358 596
760 814
483 789
360 281
132 597
670 100
195 395
712 565
140 729
871 554
164 599
712 730
920 697
640 896
562 939
189 927
955 753
284 682
297 317
526 232
80 408
477 56
71 225
745 434
283 51
795 109
508 354
401 114
595 499
772 463
444 512
436 354
515 214
884 406
246 875
284 307
196 659
980 620
338 215
418 905
644 785
897 924
266 788
71 659
65 660
8 754
797 949
621 9
797 812
41 352
345 541
80 985
143 700
394 635
838 890
291 500
846 800
346 592
123 244
828 834
392 513
560 873
71 787
681 251
391 86
681 664
928 751
392 89
220 568
135 282
712 973
916 643
126 171
777 247
604 272
13 950
716 78
980 751
740 116
885 912
243 30
826 275
769 767
681 521
795 389
612 792
120 42
88 426
119 130
980 311
487 338
18 217
457 697
648 899
71 151
714 206
144 724
273 927
472 414
782 42
736 85
561 397
801 277
443 836
25 412
647 963
556 540
647 786
37 320
898 386
742 850
157 724
844 68
140 908
190 160
418 968
769 194
74 948
745 205
57 131
323 878
947 468
3 615
638 973
880 619
926 169
342 664
627 818
198 205
136 655
442 245
156 59
203 499
675 507
617 609
811 558
442 895
71 210
81 903
765 581
544 367
18 324
687 26
243 940
359 90
382 461
248 122
877 31
258 576
920 252
366 703
538 325
394 48
427 484
106 90
853 850
602 570
891 463
18 910
294 807
123 632
757 471
972 629
462 746
316 886
722 850
36 694
533 439
977 465
952 715
433 558
445 964
472 350
209 408
70 163
226 758
244 178
551 208
621 176
39 855
805 561
493 379
942 318
462 397
449 72
71 450
713 951
813 38
961 882
704 99
32 548
810 27
571 761
557 416
822 956
942 996
437 183
877 64
356 87
213 84
455 333
1 620
764 731
995 702
989 512
618 666
913 968
877 969
689 471
324 949
772 83
220 721
399 387
259 484
308 375
545 978
536 669
695 850
676 108
346 767
305 791
595 728
991 594
402 403
366 206
646 108
267 194
920 954
211 824
157 823
505 416
63 544
435 122
112 374
929 245
173 673
667 703
530 890
748 46
218 804
825 583
693 673
799 733
186 780
495 385
260 90
817 705
602 922
847 841
284 219
233 150
827 456
746 339
621 870
123 896
944 756
545 589
372 608
618 152
65 280
582 544
975 579
240 957
3 409
881 850
199 223
415 90
273 68
699 307
972 924
394 376
430 357
546 518
641 873
750 670
825 276
874 553
838 452
998 412
110 385
547 315
52 904
30 725
154 671
240 461
366 889
865 742
699 677
764 93
80 610
845 82
770 787
259 766
118 791
201 928
502 222
624 282
466 337
502 353
696 208
699 45
866 888
11 113
831 76
929 149
488 55
582 224
684 303
25 915
759 918
17 860
542 698
826 660
470 14
665 708
185 501
943 378
769 655
774 235
264 306
201 145
531 857
308 905
341 978
877 738
770 937
943 541
816 99
304 635
203 606
631 878
644 325
524 275
849 32
825 475
680 615
784 694
745 236
654 669
838 381
670 460
536 175
25 111
614 5
510 576
377 970
545 221
393 411
820 59
809 543
943 841
430 706
384 658
57 207
832 931
825 150
866 901
478 451
810 839
312 612
980 453
446 367
147 622
781 790
483 66
94 109
879 172
424 994
23 761
229 421
938 597
200 292
193 935
557 362
1000 815
50 749
912 532
566 479
863 117
618 313
442 575
933 883
869 98
431 276
228 572
390 378
749 804
493 188
616 298
246 236
323 642
856 561
531 329
679 362
97 559
216 911
25 543
41 937
549 425
1000 376
923 563
961 131
769 682
861 901
92 671
849 472
259 22
428 434
748 388
744 299
240 281
604 61
630 516
284 421
432 419
686 289
542 269
662 122
602 983
3 492
198 300
961 523
747 814
505 482
148 123
23 753
539 214
552 482
581 312
86 599
862 329
649 369
850 44
297 935
934 6
322 290
588 528
687 465
590 575
854 496
936 242
550 238
593 323
537 140
783 652
908 893
670 806
405 146
15 95
23 835
975 792
218 259
249 35
442 116
752 997
616 183
525 379
101 907
848 837
264 417
990 730
460 239
958 723
24 260
656 318
436 330
704 494
591 727
115 893
735 853
649 719
795 400
110 337
850 993
598 221
328 574
195 375
319 954
634 794
427 340
803 67
254 191
405 396
39 491
356 793
582 448
685 823
129 95
343 963
769 486
599 640
445 395
617 179
203 464
264 287
602 577
224 75
53 293
407 186
477 808
441 678
712 296
345 67
796 789
891 579
394 247
197 766
795 184
392 520
1000 509
869 902
780 930
965 808
312 223
533 365
286 601
515 234
986 642
310 175
265 649
828 498
398 62
989 73
696 639
845 491
61 589
355 771
92 567
58 648
297 956
515 902
769 238
2 496
127 91
563 38
574 420
704 128
997 653
192 592
384 429
770 625
309 476
19 962
201 34
470 306
696 473
100 478
578 788
243 574
634 573
712 231
972 242
827 458
445 727
680 350
157 344
869 907
167 169
442 486
27 410
273 22
139 368
327 212
830 534
41 177
261 396
908 165
449 545
919 456
852 762
955 540
508 89
332 906
334 43
980 519
168 523
687 29
693 404
687 75
900 440
442 864
192 613
203 320
641 785
621 20
828 793
25 992
384 476
136 184
999 188
611 134
229 85
778 55
437 207
508 715
826 368
97 666
312 517
346 587
650 301
53 580
833 992
480 580
774 174
430 738
218 370
15 572
393 889
781 658
69 158
828 625
550 263
685 45
982 717
770 277
346 26
778 160
203 151
961 887
585 352
605 161
859 504
686 619
555 425
237 82
257 223
181 262
192 678
112 606
557 779
590 114
965 389
819 171
25 134
285 159
503 403
141 568
644 498
15 836
755 988
933 950
12 721
732 171
202 454
439 786
16 46
118 344
675 608
696 969
719 287
1 66
182 93
961 501
526 73
634 554
52 138
336 426
705 548
948 555
361 657
304 292
443 331
921 128
803 570
381 506
505 824
634 348
844 48
764 812
336 494
810 25
748 62
124 535
524 293
547 111
28 971
690 31
237 559
925 511
136 84
310 951
270 349
104 161
868 534
688 731
273 842
288 301
2 639
216 135
668 222
430 373
136 83
381 946
780 596
647 964
648 4
566 700
960 358
809 522
96 600
869 970
266 155
361 887
593 422
945 100
71 698
851 996
224 707
737 252
866 251
138 959
966 235
158 468
941 453
535 172
536 353
621 227
849 984
584 149
228 380
685 987
360 388
633 21
769 311
656 565
894 32
844 643
712 262
105 409
384 79
278 520
393 256
743 798
800 683
944 758
372 458
993 886
19 509
