1000 1
590 532
937 732
981 268
717 86
297 53
391 627
392 975
840 440
1 892
926 878
727 310
376 301
417 460
686 736
180 66
489 772
899 892
314 245
284 454
810 379
92 257
776 12
16 449
267 504
197 354
517 272
213 302
534 96
923 495
761 390
212 511
407 54
868 41
658 471
106 231
134 651
121 141
279 829
992 213
674 727
63 250
620 211
781 693
564 756
986 402
675 899
850 328
360 51
373 168
561 519
945 756
625 121
172 28
429 816
953 613
831 675
999 162
459 136
140 641
756 495
383 331
42 535
786 490
159 489
466 629
230 809
743 798
996 20
895 432
336 115
136 143
150 336
177 597
377 163
672 316
972 362
555 577
215 488
885 154
460 130
793 38
596 34
79 333
584 510
818 118
462 378
413 364
258 95
379 709
685 171
893 369
701 423
149 764
531 987
347 441
577 751
984 716
784 87
647 763
884 671
440 780
356 533
422 312
870 777
914 607
479 641
220 905
734 82
567 681
915 815
890 514
759 846
688 991
837 674
461 734
771 42
401 719
626 72
741 691
911 298
704 778
513 868
147 645
10 793
527 11
291 199
2 502
941 376
390 193
78 169
95 224
491 339
667 338
650 58
86 72
128 989
582 581
385 296
367 775
808 621
20 590
352 356
184 323
725 256
171 62
450 266
105 412
614 619
635 147
565 970
492 698
207 134
858 922
188 158
456 229
381 918
200 788
813 516
81 754
758 337
558 575
273 710
689 756
370 390
405 722
14 916
387 72
569 259
607 290
241 4
266 642
196 292
280 608
752 78
368 900
669 382
943 707
591 325
362 847
219 12
990 931
768 845
496 334
485 215
122 183
748 520
633 616
151 859
271 347
60 705
163 487
195 806
549 820
168 456
944 361
732 925
26 506
15 690
162 101
739 665
32 178
270 579
622 442
547 661
402 60
37 202
571 214
939 706
965 467
833 944
920 95
998 977
950 824
848 298
642 532
363 436
881 478
839 325
369 198
970 857
57 65
21 619
745 157
894 484
594 860
744 19
828 844
73 552
205 930
486 684
104 779
91 619
366 790
419 746
611 287
480 418
100 267
604 421
175 542
554 553
254 546
477 212
490 570
262 177
39 657
804 12
921 251
400 866
665 466
245 776
800 156
993 722
404 422
173 650
290 57
36 909
617 201
882 274
643 602
773 942
299 43
236 714
48 299
283 52
142 72
312 135
125 722
395 66
281 392
711 675
574 865
441 697
446 371
936 893
341 142
788 771
692 558
649 580
668 83
421 388
293 615
38 579
82 327
119 598
72 991
770 343
955 384
673 552
364 570
621 629
170 293
256 968
107 15
680 459
514 676
723 525
406 733
638 583
648 31
946 210
11 889
214 359
436 110
697 1000
45 278
631 751
543 16
117 882
494 923
439 688
874 770
904 48
85 871
201 36
473 13
289 819
74 302
516 463
233 983
155 268
738 268
980 760
384 903
114 352
300 622
96 817
660 541
145 35
342 417
880 119
603 870
780 139
755 406
101 38
318 84
592 792
855 854
374 302
983 249
918 601
6 491
529 597
969 796
239 641
334 25
292 863
821 22
328 268
307 526
747 281
618 973
702 444
499 353
929 75
925 170
411 982
805 899
566 707
860 368
396 766
873 255
916 106
198 994
654 366
487 980
22 409
56 713
799 39
522 648
264 884
655 682
88 462
350 783
854 677
909 416
545 7
199 179
849 681
193 981
226 635
43 68
639 923
630 429
551 828
785 569
533 748
750 95
12 923
263 937
857 574
348 546
695 241
123 807
928 821
210 393
7 88
997 305
425 308
640 226
595 744
694 111
29 507
935 385
806 102
246 383
218 746
25 570
515 633
176 614
23 643
730 606
961 37
627 981
51 452
452 563
167 702
160 21
244 599
774 751
75 156
153 765
313 79
922 872
798 979
536 838
276 89
99 554
109 564
248 523
454 363
504 94
501 604
949 906
691 320
657 295
191 618
751 779
510 98
924 263
887 428
453 985
671 146
975 789
537 268
795 479
610 285
416 481
84 928
903 623
169 527
189 467
875 553
467 479
508 404
809 985
317 44
324 867
792 960
232 840
708 627
217 950
762 966
28 480
110 23
973 150
329 592
30 298
457 851
931 446
706 813
802 823
872 289
968 389
221 394
542 75
987 620
609 408
703 862
204 876
938 582
234 138
896 455
76 253
989 238
286 598
120 687
652 398
365 315
46 596
934 963
698 126
521 543
710 842
308 464
388 182
152 337
285 616
684 943
319 965
898 225
790 565
841 270
963 477
458 927
447 684
282 981
24 100
891 39
720 955
238 204
556 633
483 947
351 93
775 424
859 741
18 198
445 181
448 133
481 896
354 858
707 641
386 79
382 707
867 779
576 253
568 772
715 128
613 512
634 785
31 981
62 240
563 420
905 32
959 207
222 472
141 155
468 193
192 365
585 567
139 725
344 679
933 894
231 803
863 367
174 439
947 161
960 772
597 641
766 769
8 114
243 755
573 223
80 572
505 244
822 572
166 957
826 502
682 904
349 55
53 864
740 270
325 809
343 587
753 862
861 991
791 306
157 897
575 328
709 222
323 49
530 735
235 825
380 583
414 38
178 628
465 197
375 994
646 401
601 501
942 998
683 149
878 701
55 224
208 869
957 474
812 192
897 873
333 993
615 485
315 971
726 921
580 297
864 26
357 630
118 718
670 196
399 923
835 639
852 600
229 588
316 122
298 12
524 270
544 945
966 445
261 321
737 584
224 930
876 275
656 167
482 571
578 457
900 246
974 479
247 652
778 731
164 159
962 304
901 597
982 902
769 712
518 156
724 45
705 448
532 39
61 641
302 629
836 659
129 605
13 513
844 877
958 997
787 262
35 200
54 812
330 747
182 56
255 941
430 257
67 751
539 621
33 972
735 273
562 629
637 397
202 346
113 874
47 969
5 926
666 649
763 300
409 961
41 493
832 960
605 536
663 374
322 688
287 834
335 619
829 268
636 492
305 90
9 234
19 801
93 236
581 594
629 268
339 497
559 640
132 449
131 554
424 14
927 829
58 964
203 752
77 508
764 675
602 595
606 377
906 883
608 742
503 638
70 822
455 802
824 120
277 654
713 914
211 397
353 162
588 837
260 699
772 923
102 724
932 843
97 749
87 61
296 759
940 475
249 335
320 728
484 69
378 924
913 465
474 411
112 991
687 9
34 695
838 50
288 619
877 881
651 723
523 373
311 570
331 317
116 119
519 262
871 751
526 396
796 276
742 636
227 637
948 125
493 551
165 145
190 954
641 829
570 829
830 829
846 962
251 836
252 494
512 435
917 345
520 617
749 758
827 330
623 184
137 348
3 208
426 820
716 483
295 553
209 166
977 717
44 898
498 647
397 268
616 374
645 737
902 277
853 332
507 302
509 369
546 991
661 494
612 890
834 818
557 76
908 309
442 715
476 920
777 720
1000 291
797 280
98 503
866 47
345 8
506 589
412 217
721 101
372 185
49 609
693 302
600 220
572 125
865 173
144 413
765 578
309 827
525 260
471 590
90 344
718 768
736 707
394 191
194 794
553 930
628 670
783 559
951 500
161 129
541 552
889 473
216 125
259 938
956 253
912 573
225 534
789 443
358 399
690 326
967 360
910 294
632 108
415 489
856 61
819 678
676 953
976 891
653 993
303 177
728 757
127 986
187 31
862 778
321 799
444 209
304 151
712 666
338 193
548 685
978 265
933 880
782 195
535 271
393 165
869 188
472 560
814 611
589 46
722 495
301 194
326 833
89 548
431 677
587 190
427 303
807 333
359 853
475 39
644 729
845 117
158 958
94 934
583 257
463 470
327 730
552 688
346 915
991 993
851 172
146 694
811 751
825 24
418 381
733 644
434 468
306 665
420 782
816 81
731 629
398 655
265 814
964 221
995 307
842 63
451 951
495 268
464 505
437 249
181 994
729 978
111 545
754 852
952 839
275 127
449 736
538 247
681 627
593 991
310 350
888 892
135 351
278 540
115 6
40 482
83 494
511 407
438 786
696 949
124 539
879 994
820 805
17 543
443 935
994 219
294 249
428 985
470 528
206 621
332 696
143 612
907 218
269 282
502 731
403 261
954 632
550 211
253 2
156 992
815 232
659 107
803 959
355 781
930 641
662 946
619 218
228 648
337 740
126 469
389 908
237 270
103 985
64 66
50 656
432 348
52 79
185 103
478 672
500 743
779 923
69 912
579 213
794 113
528 726
919 334
408 917
257 479
154 700
274 984
148 648
719 913
361 634
435 235
664 99
66 597
133 451
988 31
179 810
757 243
700 3
108 410
223 680
971 357
240 40
801 990
138 203
823 662
714 885
423 939
699 967
272 891
985 707
410 77
892 641
371 5
847 530
767 20
71 745
760 400
242 577
586 750
27 610
469 342
979 153
4 248
746 495
886 945
68 498
340 880
599 318
186 740
678 995
65 264
433 425
497 105
677 614
183 71
679 646
130 284
540 33
883 538
817 433
250 603
560 461
624 390
488 797
843 502
59 792
