100 1
95 20
74 77
35 76
54 13
55 90
6 83
86 77
71 33
39 41
83 76
81 15
31 87
53 49
40 12
1 4
24 80
58 57
30 67
26 19
38 100
98 72
59 17
34 17
23 36
53 28
5 3
75 78
53 93
55 45
69 16
9 96
23 41
5 34
82 96
48 16
42 2
70 42
38 32
5 12
8 62
20 85
59 99
14 99
14 91
1 36
69 88
24 92
63 28
27 87
31 52
60 72
56 42
71 79
6 21
83 29
97 2
14 32
2 33
95 61
95 39
30 78
45 43
44 1
54 7
59 62
47 73
14 15
82 4
68 100
69 50
23 67
94 71
44 37
47 11
55 74
54 22
59 88
64 7
60 13
46 2
18 91
6 65
31 19
69 57
84 43
71 48
1 25
53 25
51 29
10 93
66 24
9 52
44 89
59 11
83 49
53 50
35 22
24 18
45 73
