100 1
38 46
78 7
28 95
47 28
1 14
4 90
9 8
83 56
14 3
94 13
80 17
81 75
6 79
16 15
56 37
39 25
60 84
40 48
87 45
29 60
27 5
58 41
36 38
88 92
10 49
34 42
75 94
89 18
70 16
68 67
37 58
30 80
92 20
44 32
17 52
97 59
86 97
5 89
85 40
11 100
21 22
91 33
98 29
57 99
3 11
65 51
100 98
96 19
7 6
74 55
23 30
79 83
73 53
69 31
62 86
66 68
19 10
71 47
43 96
55 69
76 71
35 23
95 12
15 26
63 70
25 72
24 39
61 77
90 44
2 65
32 54
48 62
50 82
12 50
8 78
93 43
82 2
77 35
33 81
49 66
20 64
45 76
54 74
67 9
64 34
31 87
99 21
53 93
42 73
59 24
52 36
84 88
72 91
46 85
41 27
13 4
22 61
26 57
18 63
