99 1
23 1
59 24
79 1
98 1
69 31
26 57
88 1
20 1
38 46
72 91
2 1
38 1
23 30
50 82
90 1
99 21
47 28
7 6
34 42
10 49
39 1
90 44
13 4
50 1
73 1
33 1
80 17
88 92
77 1
16 15
89 18
60 84
52 1
16 1
77 35
63 70
69 1
98 29
76 71
10 1
74 55
2 65
80 1
39 25
79 83
56 1
85 1
72 1
66 68
96 19
14 1
32 1
22 1
87 1
8 78
86 1
75 94
13 1
67 1
8 1
96 1
11 1
58 41
87 45
48 62
99 1
20 64
11 51
59 1
63 1
58 1
22 61
7 1
89 1
76 1
47 1
67 9
26 1
66 1
73 53
74 1
27 1
48 1
14 3
34 1
95 1
60 1
27 5
56 37
52 36
32 54
95 12
33 81
75 1
86 97
93 1
93 43
85 40
