1000 1
367 834
279 720
809 973
383 949
857 465
289 899
867 999
178 80
868 71
990 389
574 224
92 636
38 511
274 434
699 885
589 56
366 515
725 265
122 57
202 793
501 392
956 969
369 530
194 386
771 831
531 55
188 715
154 65
378 899
495 380
761 245
379 139
279 880
135 685
856 278
662 44
388 561
884 505
669 255
887 180
433 60
978 380
539 910
429 891
487 247
184 785
802 920
451 89
693 571
42 389
758 335
218 120
529 145
376 646
325 228
442 360
961 564
34 478
807 831
705 133
649 766
321 241
367 387
974 742
288 52
976 770
371 500
976 292
181 360
283 516
181 940
743 849
250 377
895 344
297 522
399 85
184 597
353 57
487 811
867 909
66 2
962 941
985 509
110 524
335 628
924 826
461 56
924 77
212 710
149 518
951 547
800 299
540 972
98 598
844 968
988 126
204 628
963 69
90 780
776 721
456 255
398 301
879 987
731 777
893 358
894 419
229 928
366 438
70 407
942 222
806 485
263 984
676 580
259 939
991 606
664 51
633 606
90 508
572 560
270 54
846 63
395 276
383 36
335 152
196 960
274 773
841 510
918 430
719 946
846 571
664 496
493 150
902 322
30 697
535 836
308 354
336 72
800 858
350 980
1 789
958 78
420 982
289 334
525 703
294 616
129 454
584 278
876 892
978 168
176 475
34 830
887 727
22 180
912 222
406 225
11 520
158 114
165 345
426 219
272 226
523 486
546 690
761 33
64 537
989 621
463 919
110 617
221 716
956 916
723 691
210 626
930 403
156 439
444 828
692 537
19 697
335 21
650 192
615 632
866 674
123 586
956 645
117 56
601 603
202 751
14 644
611 404
79 927
865 967
340 903
668 153
541 331
9 347
6 883
827 3
665 742
271 766
128 760
806 171
58 746
507 892
867 744
884 150
248 469
783 527
261 118
483 829
996 828
236 460
503 914
782 463
428 80
878 313
184 960
38 663
636 499
288 543
237 332
827 935
425 118
197 643
204 208
314 199
813 72
115 744
210 822
430 102
853 347
398 65
566 913
476 471
786 233
383 512
813 498
898 514
717 111
151 959
210 850
750 201
316 492
196 770
7 21
170 981
351 545
796 62
8 363
188 947
96 728
418 805
526 452
35 826
250 114
576 612
435 695
954 460
509 873
416 439
259 104
236 155
995 703
965 366
476 812
205 888
792 962
466 993
549 116
589 704
857 811
174 762
572 604
124 655
218 391
283 45
857 900
738 808
194 639
34 227
915 445
964 285
132 326
735 12
701 246
348 47
170 931
657 163
468 377
457 36
931 711
420 929
335 317
776 199
181 994
648 217
338 715
410 112
607 584
602 614
915 84
898 167
842 905
693 10
122 741
381 143
358 56
572 453
149 801
182 108
15 509
260 363
636 312
553 449
552 107
213 390
561 640
34 458
296 275
113 103
572 955
528 911
951 489
708 557
223 252
251 538
533 661
648 183
402 193
605 623
694 152
130 983
186 707
333 216
429 667
289 739
582 695
709 926
490 642
706 286
945 882
693 943
42 225
237 959
293 10
203 110
895 97
723 711
123 862
656 659
594 548
293 298
740 821
448 397
701 822
875 631
405 580
209 470
952 845
106 167
273 764
595 592
302 423
366 751
40 522
38 59
424 258
723 910
50 61
610 830
124 344
289 162
619 264
635 538
243 166
827 370
122 567
791 310
450 76
709 829
239 805
713 113
625 450
170 698
324 401
575 227
817 475
399 631
119 81
259 573
846 547
965 88
583 560
864 748
803 608
349 598
677 756
288 131
382 747
40 513
405 245
61 101
799 372
745 942
986 949
83 219
535 530
37 825
277 240
428 252
539 973
236 498
804 278
556 549
904 940
839 634
869 819
312 862
525 315
658 306
879 404
415 764
394 920
857 121
366 63
186 769
27 544
799 206
763 241
636 754
367 593
147 790
708 233
268 133
236 467
17 585
610 624
651 13
679 629
865 734
353 578
176 999
307 843
230 267
490 927
802 591
860 641
450 11
73 370
19 413
1 55
218 652
374 48
473 994
660 542
40 298
296 111
261 797
970 520
572 87
726 254
681 792
234 267
376 46
58 916
792 934
820 739
532 385
147 440
694 357
956 459
610 327
788 175
184 29
94 767
665 465
367 95
613 977
887 557
482 477
251 901
320 659
974 455
894 594
249 653
195 581
173 23
648 712
526 757
600 834
154 422
367 244
563 116
898 521
635 926
223 629
528 100
961 855
209 993
428 437
938 26
897 175
369 313
693 373
950 373
482 48
165 997
146 12
149 581
810 116
289 284
273 944
855 107
456 281
897 164
577 208
842 136
823 51
509 723
189 217
864 545
278 304
90 440
447 453
329 667
550 449
749 620
74 890
833 411
702 153
551 392
22 486
558 362
933 884
64 166
337 724
37 736
906 417
82 592
274 326
951 86
182 641
599 555
135 818
124 675
138 936
367 769
468 226
256 478
615 469
178 774
263 77
154 390
610 413
28 746
110 549
122 850
479 3
128 168
771 489
40 851
169 155
572 224
396 527
881 816
529 510
293 403
539 331
733 861
91 375
294 883
922 917
490 634
889 578
908 201
262 961
758 474
784 585
37 232
409 683
236 1000
669 603
737 900
562 438
248 368
796 193
431 614
700 265
559 437
359 821
743 888
268 936
660 778
195 339
832 4
128 579
147 75
855 161
832 718
138 4
68 620
41 741
550 757
494 542
123 254
280 89
870 838
806 445
381 885
937 798
140 278
142 972
314 185
553 85
1 849
371 417
448 276
274 621
34 903
562 470
204 721
409 838
330 100
714 454
146 49
187 464
42 623
853 955
123 54
859 137
432 15
689 825
957 787
587 804
222 356
775 597
238 423
956 282
463 502
384 515
729 145
158 45
11 548
177 95
214 880
290 190
802 911
160 819
618 815
160 778
274 1000
692 481
94 185
904 137
842 568
570 684
384 69
399 235
649 120
860 25
324 179
346 987
274 414
341 896
802 672
66 727
311 928
693 13
18 814
211 242
688 762
32 707
68 162
366 756
335 977
931 52
132 639
600 20
1 39
886 790
205 596
149 44
324 125
290 504
22 506
528 62
364 299
400 967
303 893
615 164
24 150
743 748
341 172
150 777
230 232
228 563
394 97
488 896
717 797
398 752
654 966
42 306
700 365
876 191
337 948
577 871
305 544
648 26
931 121
279 332
291 632
392 861
305 998
536 357
343 984
341 30
759 461
806 190
295 543
234 287
444 673
806 207
184 266
11 301
5 206
356 17
956 134
83 108
867 443
359 29
103 703
575 555
617 929
318 609
682 637
436 99
964 646
921 443
93 516
525 763
342 808
554 675
124 23
215 46
351 385
722 75
316 247
130 845
210 969
61 361
842 637
595 368
732 355
277 779
753 824
293 258
342 322
647 161
864 33
678 567
366 157
803 78
250 913
694 982
855 905
729 780
274 596
442 60
109 459
991 500
686 812
743 781
794 511
670 506
450 835
431 968
696 25
976 216
429 508
784 345
248 467
730 772
630 127
590 793
237 609
702 683
768 477
1 642
174 257
904 517
426 773
457 362
202 484
693 407
535 728
231 317
132 992
248 323
427 720
534 285
622 421
446 584
158 736
283 785
979 56
123 914
98 890
463 786
837 925
37 814
768 710
300 925
648 760
714 131
309 882
237 86
768 765
273 81
381 397
43 292
223 355
740 242
806 593
847 909
887 616
378 49
349 935
289 843
141 472
971 275
42 244
395 127
352 20
435 767
846 171
261 485
16 463
296 946
321 484
904 608
705 816
409 310
975 752
776 586
956 672
693 266
847 179
589 755
953 246
884 394
827 134
269 718
22 772
932 194
416 716
394 441
561 859
335 624
602 284
519 663
173 644
978 264
490 136
53 84
268 591
874 452
427 139
648 126
666 643
807 286
205 997
396 901
768 354
238 863
456 565
656 992
202 944
932 328
687 441
700 375
854 450
509 462
846 481
239 673
346 863
197 87
704 588
848 455
482 980
879 387
491 896
335 517
371 323
361 143
451 789
418 157
61 923
67 198
497 691
680 604
202 411
872 565
381 652
409 573
160 207
159 287
795 655
253 220
638 781
874 824
342 518
572 851
249 690
656 653
274 198
931 513
98 365
852 471
274 645
293 282
356 480
251 765
693 512
249 192
610 798
430 273
895 421
692 774
408 877
119 734
876 858
761 801
123 191
605 787
887 281
156 339
278 922
98 240
319 386
90 917
148 698
553 948
160 947
311 401
743 521
750 568
40 422
398 815
540 724
444 983
962 434
393 685
34 257
37 818
689 998
144 626
907 514
83 105
290 59
410 71
674 509
763 472
367 877
314 47
964 661
740 612
924 939
294 458
802 334
163 150
260 2
406 684
827 125
42 372
852 39
840 504
671 579
412 779
904 588
259 943
627 222
34 464
867 966
904 183
922 99
569 712
123 235
200 492
76 861
288 391
130 220
31 105
964 104
806 871
869 891
768 414
945 941
853 112
279 496
696 747
837 836
837 327
