801 100000
130 1
601 436
235 1
705 35
500 1
69 445
290 764
182 1
27 1
125 628
590 344
633 1
775 162
437 1
668 1
500 424
685 145
406 1
82 1
59 359
509 1
409 1
177 1
96 1
176 1
398 1
255 1
457 657
149 506
251 488
157 1
13 253
557 1
91 183
421 662
185 1
609 1
486 1
164 1
705 1
217 111
224 51
156 1
158 792
487 801
684 353
122 671
562 1
335 1
494 1
236 1
421 1
489 139
454 1
706 1
570 1
684 1
730 1
316 379
283 747
573 1
224 1
108 297
115 25
780 534
533 1
650 368
672 1
493 341
218 751
622 275
624 529
307 665
44 1
326 448
323 245
419 1
82 169
540 550
325 1
794 543
180 1
390 1
754 1
39 174
582 62
323 1
493 1
584 588
670 358
118 1
229 1
603 20
112 737
651 1
551 1
371 100
451 1
67 1
538 63
567 1
683 1
515 1
157 354
269 677
722 1
612 1
351 481
338 134
175 355
394 548
667 777
410 1
53 238
70 597
694 774
167 1
644 1
180 94
409 305
541 1
615 68
775 1
27 380
738 1
50 607
507 566
482 474
194 403
318 129
536 8
347 1
420 1
239 696
33 1
526 1
720 1
691 15
758 442
581 93
779 309
410 332
708 186
521 230
115 1
770 759
776 141
516 542
503 1
438 1
660 1
32 41
114 563
171 1
348 1
640 1
738 31
765 1
177 719
122 1
195 1
472 642
536 1
533 282
413 1
357 1
664 1
249 168
592 5
723 1
240 1
78 286
527 729
486 553
554 1
11 1
364 225
452 1
564 1
287 464
512 1
748 1
425 381
336 631
632 462
528 262
760 1
17 303
438 77
429 1
319 124
114 1
432 278
406 575
316 1
525 365
153 1
222 105
569 1
695 1
398 441
191 1
568 1
37 799
458 463
393 267
454 787
715 1
758 1
647 1
138 1
647 721
285 786
18 1
456 740
119 246
352 317
285 1
277 741
216 1
560 1
91 1
724 1
618 1
672 21
641 1
706 468
517 346
107 782
459 676
505 711
236 98
310 293
71 687
430 1
326 1
443 531
773 197
569 6
194 1
576 718
165 314
704 1
577 1
92 417
291 1
112 1
710 1
429 520
399 537
227 1
492 1
208 1
107 1
557 126
88 1
494 252
185 256
272 1
221 1
722 204
258 586
188 795
38 152
52 466
128 133
539 800
140 655
532 1
663 137
668 294
644 746
405 1
750 1
235 190
232 1
683 34
273 1
312 1
527 1
641 783
602 1
272 170
237 1
229 301
330 1
374 1
612 61
418 1
147 299
389 19
582 1
209 530
476 1
95 1
613 1
166 1
778 306
420 431
277 1
447 1
413 40
276 85
765 200
472 1
167 264
209 1
414 1
16 54
762 1
584 1
502 1
405 499
89 1
404 280
315 1
274 1
508 639
555 1
123 510
749 428
220 1
480 713
364 1
395 659
73 1
602 511
733 549
455 637
704 701
389 1
178 1
517 1
753 56
140 1
694 1
762 470
416 1
797 1
561 135
732 1
503 228
240 477
295 728
622 1
680 391
375 1
591 142
394 1
618 571
155 649
208 198
600 1
773 1
498 1
411 439
478 461
686 311
615 1
540 1
213 1
673 99
291 265
650 1
163 545
248 60
11 484
172 383
53 1
480 1
624 1
798 1
732 682
360 23
667 1
692 743
59 1
781 289
151 203
342 1
535 697
121 435
556 1
590 1
70 1
638 1
13 1
547 1
794 1
790 666
179 331
753 1
79 43
457 1
347 132
508 1
678 1
232 714
604 616
292 150
128 1
730 143
12 1
382 1
407 690
452 674
437 66
555 726
475 1
501 1
351 1
284 159
138 460
388 4
130 261
489 1
340 1
46 1
86 619
175 1
589 1
33 144
218 1
716 24
327 485
276 1
160 734
779 1
654 49
411 1
7 422
181 679
661 1
310 1
797 707
212 1
770 1
52 1
247 1
36 1
371 1
296 1
487 1
669 113
781 1
492 761
195 339
12 281
295 1
709 449
646 1
42 1
629 583
670 1
646 29
414 193
600 231
430 26
522 1
556 81
7 1
451 415
518 766
153 131
260 1
119 1
382 625
426 467
716 1
432 1
2 611
546 580
350 681
374 271
587 361
756 621
455 1
591 1
192 58
342 244
756 1
476 771
419 627
626 215
319 1
469 752
664 75
330 736
247 675
69 1
680 1
698 1
213 47
416 328
573 304
459 1
201 610
685 1
212 385
397 785
576 1
369 1
155 1
469 1
554 337
515 324
120 202
38 1
426 1
604 1
292 1
254 74
334 1
258 1
163 1
632 1
760 356
626 1
161 1
108 1
290 1
96 495
48 731
567 513
633 594
327 1
360 1
287 1
188 1
83 1
375 645
312 608
727 1
370 270
547 791
173 1
788 1
9 606
318 1
307 1
570 491
528 1
623 446
335 321
689 1
149 1
349 572
117 1
325 243
348 322
526 465
217 1
453 504
512 767
151 1
199 1
585 1
237 784
669 1
196 617
598 703
691 1
395 1
334 386
579 373
789 700
396 22
28 412
715 103
42 205
242 1
216 712
640 793
393 1
522 524
219 102
254 1
221 559
50 1
28 1
220 635
117 433
709 1
283 1
313 401
397 1
18 10
284 1
698 483
634 127
539 1
509 599
689 266
562 653
116 717
370 1
658 104
482 1
745 300
577 440
475 80
336 1
329 57
399 1
560 479
603 1
176 423
749 1
37 1
315 450
661 636
378 1
251 1
146 544
390 45
222 1
614 1
579 1
156 154
73 343
745 1
165 1
268 263
396 1
727 14
171 596
296 233
634 1
613 55
780 1
592 1
223 1
535 1
84 1
123 1
39 1
248 1
768 257
651 605
505 1
581 1
269 1
507 1
695 552
181 1
798 496
17 1
748 3
598 1
733 1
227 362
453 1
377 1
720 742
78 1
378 755
182 148
313 1
456 1
750 288
648 1
357 796
678 725
686 1
532 184
92 1
788 699
173 392
147 1
95 64
48 1
89 90
158 1
97 763
377 772
638 693
656 400
116 1
538 1
778 1
118 187
67 565
652 427
125 1
673 1
164 367
308 1
702 226
652 1
525 1
447 434
279 1
161 744
443 1
407 1
273 65
654 1
541 250
350 1
568 109
614 769
268 1
97 1
458 1
587 1
32 1
623 1
179 1
478 1
242 259
279 302
79 1
663 1
514 1
561 1
338 1
192 1
790 1
36 366
121 1
692 1
789 1
514 630
595 1
191 384
86 1
404 1
333 1
87 1
425 1
444 372
521 1
44 408
219 1
83 363
523 72
724 688
754 757
444 1
249 1
166 345
308 471
551 234
498 490
274 207
206 739
388 1
160 1
241 1
88 210
16 1
340 298
255 110
585 497
708 1
239 1
648 593
223 519
46 402
418 578
516 1
178 558
595 387
601 1
201 1
333 735
369 211
241 620
9 1
723 376
2 1
660 101
352 1
196 1
656 1
523 1
120 1
260 574
564 473
199 76
546 1
206 1
501 189
768 1
172 1
87 320
71 1
146 1
609 643
502 106
329 1
589 30
84 214
776 1
518 1
629 1
658 1
710 136
349 1
702 1
