999 1000
557 157
759 259
932 386
113 718
442 845
54 538
970 322
917 811
445 890
442 133
842 4
506 268
38 281
928 97
253 53
918 834
145 274
718 435
263 313
50 413
202 346
309 175
176 442
544 75
855 997
45 722
55 402
49 823
869 452
605 405
334 937
453 808
803 530
172 909
996 822
101 989
292 38
327 151
59 856
802 710
495 348
782 996
754 972
509 286
530 546
636 615
753 710
695 33
964 175
138 748
527 445
692 804
255 632
321 584
314 196
770 57
842 651
940 551
598 603
871 957
919 105
553 458
95 68
369 493
48 872
401 487
894 966
358 417
772 487
306 993
318 376
201 976
56 393
829 459
752 93
230 33
665 296
99 584
366 325
944 91
874 716
409 985
279 334
495 511
254 763
964 378
726 669
940 814
413 604
157 706
485 273
965 601
786 405
608 949
518 827
461 534
542 342
635 767
210 279
663 724
242 483
811 104
712 639
504 306
606 298
680 457
256 848
95 457
637 342
180 1
971 173
115 795
469 879
71 417
795 530
452 986
747 997
335 997
407 333
161 157
910 808
192 998
471 349
233 664
241 305
345 430
278 75
817 522
393 472
491 540
702 593
363 368
250 79
161 922
339 603
800 763
147 995
971 234
252 180
156 26
15 276
86 446
684 153
215 470
989 535
102 511
783 235
357 831
480 796
767 47
354 989
753 969
943 167
103 823
257 641
260 738
946 820
812 671
844 763
476 997
81 881
750 657
482 296
823 469
638 273
648 704
318 810
633 448
690 505
248 853
353 320
685 995
738 26
389 322
764 324
853 92
501 254
941 857
422 442
692 497
939 607
836 951
514 42
269 279
152 989
327 976
426 290
775 161
942 943
281 349
2 279
340 334
809 595
400 33
757 655
427 70
67 212
515 155
226 667
845 769
760 894
108 982
676 997
471 584
466 668
443 214
801 183
744 717
21 505
7 278
547 176
136 891
209 839
403 234
818 113
502 241
581 848
152 543
800 74
88 567
967 184
312 782
341 5
417 668
457 906
529 992
58 186
30 334
150 455
247 607
740 633
424 590
391 598
514 84
831 303
446 120
94 979
649 419
336 322
496 72
430 951
715 410
178 853
642 964
370 184
194 253
509 168
816 379
569 198
55 711
320 455
689 618
317 997
562 431
420 951
100 146
520 403
474 278
787 720
747 950
829 893
806 433
441 799
783 915
723 129
965 40
731 469
413 368
846 994
587 842
296 114
540 614
126 795
741 274
633 459
242 234
591 513
42 243
596 207
232 640
963 715
364 45
846 807
394 839
484 894
240 58
418 78
847 384
842 530
929 902
779 71
561 167
568 265
463 704
418 952
660 449
761 593
836 646
76 980
367 985
179 111
975 613
835 257
98 706
174 901
352 576
945 23
736 843
301 972
519 637
825 235
560 23
408 992
697 324
335 873
808 710
90 989
476 656
730 934
469 530
695 234
860 678
195 811
421 808
726 821
683 53
540 994
537 717
216 35
647 808
507 875
456 534
222 131
152 658
471 524
768 295
324 135
318 272
965 530
787 358
34 232
757 429
776 777
120 387
621 667
310 955
815 791
15 811
579 323
698 189
724 427
27 962
381 700
122 989
539 211
124 860
324 42
295 199
468 405
582 134
347 92
288 830
989 243
776 300
571 83
371 379
669 903
776 363
693 730
42 512
997 675
283 403
884 55
828 485
707 811
379 325
344 528
461 863
844 193
778 313
123 195
696 236
611 948
136 536
136 588
926 77
987 745
841 886
728 470
824 685
628 363
184 344
948 617
763 937
17 63
161 783
567 701
470 223
399 935
577 611
662 576
887 884
219 205
673 234
427 616
323 334
372 303
76 96
691 668
165 325
737 868
309 877
815 203
680 554
209 895
338 742
527 266
225 376
753 439
676 595
738 272
289 714
726 70
340 687
583 734
54 308
24 697
802 659
838 663
326 942
961 451
818 196
994 428
244 960
361 744
18 811
694 793
970 316
392 252
144 981
298 989
836 529
100 265
255 536
212 979
597 382
39 714
492 506
533 122
488 610
66 977
818 785
633 188
763 564
171 78
279 923
990 607
749 511
117 799
706 449
221 852
227 462
16 285
464 707
296 989
602 789
813 540
140 337
710 908
526 748
370 434
132 470
366 299
334 315
148 534
313 346
64 969
343 153
340 849
30 699
955 948
54 196
709 949
755 692
462 901
377 624
447 886
892 844
534 981
63 666
72 716
372 164
927 283
799 463
694 454
624 933
385 649
924 994
612 861
101 953
622 241
949 864
911 532
576 33
217 140
631 73
403 158
505 373
701 73
131 150
742 285
10 65
657 122
597 725
619 199
839 634
373 320
81 446
402 998
460 822
594 717
204 844
241 899
572 584
762 772
419 639
517 417
783 315
651 143
713 674
280 46
558 245
920 103
52 834
968 470
970 175
714 735
948 42
438 578
105 552
704 525
805 669
912 103
738 931
574 178
268 806
254 565
234 531
467 272
774 982
437 696
220 550
297 971
150 599
782 19
190 44
274 231
623 972
971 991
739 681
90 375
78 593
122 478
954 346
864 839
602 455
229 445
155 387
330 985
585 384
474 1
337 83
390 954
791 564
797 278
792 354
763 546
667 988
153 925
264 194
960 621
420 197
323 397
189 424
643 560
560 951
991 748
163 843
493 602
833 829
860 549
87 545
898 811
242 883
774 498
510 842
457 428
18 743
680 708
888 784
349 882
978 499
904 289
58 363
913 411
930 532
864 672
109 685
986 849
185 280
759 825
455 535
195 388
696 938
323 79
867 511
694 334
411 817
481 363
757 997
467 443
889 379
772 783
677 97
80 426
958 87
3 250
254 83
798 574
181 804
399 196
374 226
523 664
436 248
787 272
170 957
53 947
196 652
475 886
854 60
70 541
129 917
998 355
90 966
461 804
229 154
989 293
883 585
563 403
44 481
900 435
435 850
791 609
857 862
317 465
490 285
30 943
555 697
82 875
100 811
496 457
556 926
309 142
596 489
11 495
418 175
333 60
783 293
681 589
855 282
51 90
48 196
977 47
924 575
314 786
365 57
837 258
618 684
85 569
601 552
415 223
627 182
73 319
628 410
1 766
795 939
474 37
556 751
92 839
351 635
459 104
174 710
811 541
249 79
362 979
28 23
804 890
826 53
1 675
303 294
661 903
55 459
141 116
626 410
87 70
721 749
479 319
909 820
121 387
686 753
92 819
858 339
746 684
567 845
398 954
488 272
127 333
5 717
992 199
331 918
974 310
983 294
872 820
60 290
477 56
666 784
499 957
330 811
627 233
719 167
989 604
795 137
905 367
406 825
416 350
481 107
840 246
335 508
245 460
917 329
339 727
503 610
14 21
476 239
206 880
258 280
494 982
832 342
596 42
941 791
370 272
45 825
50 930
218 511
359 612
9 651
650 141
281 61
322 671
556 951
758 342
898 119
796 209
562 42
803 256
270 639
987 485
509 334
592 253
860 363
488 25
956 199
238 376
425 724
296 212
50 679
147 839
625 839
782 994
206 845
839 906
48 332
175 908
442 424
440 38
246 429
514 475
57 707
82 811
275 534
713 70
941 788
330 916
783 882
97 944
134 972
875 36
386 764
180 703
208 587
933 862
756 764
989 773
615 700
636 994
734 432
562 34
147 271
536 609
174 897
803 262
550 91
241 42
261 274
128 590
22 145
560 876
682 52
673 780
349 652
302 694
654 320
430 6
451 702
270 307
356 122
708 29
420 742
354 730
559 218
794 958
125 32
962 985
390 363
229 827
861 843
973 600
940 536
495 1
228 584
394 169
878 641
444 56
644 241
139 89
696 196
891 736
69 717
951 896
76 951
112 212
790 83
406 383
394 52
304 869
597 196
628 187
539 825
714 413
645 927
747 288
20 966
964 284
907 849
327 455
130 978
729 253
179 989
412 899
270 994
808 43
914 121
206 63
636 859
82 548
188 342
291 595
774 763
936 39
629 970
31 310
999 503
396 323
865 579
287 274
162 298
236 301
12 561
630 993
521 793
851 117
81 710
8 366
763 896
989 531
589 903
671 191
145 445
959 899
213 427
139 765
366 783
319 328
886 149
118 450
46 450
627 530
781 603
209 578
771 75
390 380
290 921
472 18
580 795
868 572
704 42
183 734
414 443
350 429
239 977
320 404
870 91
676 670
267 764
902 378
255 251
458 624
467 566
430 618
384 513
175 769
290 951
734 196
567 160
987 994
848 106
423 558
536 177
139 234
613 971
496 237
181 473
811 512
311 183
928 763
752 445
372 839
29 993
179 852
667 70
110 201
272 915
339 234
570 393
53 234
516 147
625 159
141 457
433 976
695 166
532 600
277 17
804 177
500 472
653 853
298 620
772 41
455 766
314 62
198 902
855 5
710 634
522 678
65 278
130 334
145 486
846 35
984 849
205 578
13 33
354 733
395 678
924 450
200 907
732 725
125 457
175 773
578 856
399 573
125 223
360 170
707 866
130 688
224 883
844 885
101 705
641 958
928 586
