10 2 2 7 7 2 2 2 2 6 5 8 2 
4 1 1 1 1 8 1 2 4 1 1 1 3 1 1 1 1 1 1 1 1 1 1 7 1 1 1 1 1 
9 10 1 42 12 44 4 2 35 7 7 36 6 28 33 46 15 31 11 23 19 45 14 27 15 29 32 14 43 24 10 37 22 13 5 18 4 26 20 30 40 3 41 21 34 17 36 8 25 27 7 39 38 
29 7 4 7 16 7 17 12 22 21 7 7 7 22 21 3 1 5 28 7 7 12 11 18 6 21 26 7 
37 13 40 9 36 17 14 3 31 9 25 20 7 22 23 2 11 20 19 39 26 30 17 4 6 42 16 33 1 
3 13 3 
39 15 3 41 1 21 29 2 27 38 30 13 
26 40 23 29 10 44 37 20 49 37 15 30 14 25 24 16 39 41 21 32 12 9 34 13 
30 10 19 38 13 31 28 23 26 7 1 38 13 34 
4 15 16 16 11 18 13 7 2 13 11 21 7 8 11 17 8 5 8 5 13 17 5 8 3 13 
2 44 11 14 11 4 42 36 10 10 39 
9 5 1 1 8 3 1 1 1 1 1 1 6 2 1 1 1 1 1 2 1 11 1 1 4 1 1 1 9 1 1 1 1 1 2 1 1 1 1 10 7 1 
12 44 30 37 35 38 7 42 33 3 26 11 50 34 39 16 24 22 13 6 4 31 28 14 48 46 13 21 2 49 40 41 45 19 25 17 18 8 23 43 20 5 8 9 51 27 10 32 36 15 4 
30 3 23 14 4 1 17 25 3 9 36 4 39 33 2 15 18 24 19 26 41 27 7 25 13 34 6 3 20 38 21 31 11 40 
4 6 1 1 1 6 1 5 6 1 4 4 1 2 1 2 4 4 1 5 2 2 6 6 
15 18 38 50 10 4 26 17 53 28 28 35 48 16 13 23 6 41 20 11 37 31 1 39 8 12 2 32 19 24 9 28 7 22 27 45 36 52 14 42 43 33 46 51 5 49 3 21 
29 15 1 39 13 14 49 9 22 45 47 26 
4 9 1 27 1 31 1 30 1 8 1 20 1 30 28 1 6 23 1 17 21 1 13 12 7 1 30 21 19 30 10 26 2 25 11 18 22 
2 1 2 1 7 2 1 1 
2 6 1 3 14 5 8 6 11 6 16 10 3 12 3 12 7 1 5 5 6 5 1 5 5 16 5 3 4 
1 1 1 1 1 1 
1 1 1 4 1 1 2 1 2 4 1 6 2 8 1 1 3 1 2 3 2 1 1 1 4 1 1 8 
5 
1 1 1 1 1 1 6 1 1 3 1 5 1 1 1 1 1 1 1 1 7 1 1 1 1 2 1 1 1 1 1 6 1 1 1 1 1 1 6 1 1 1 1 1 1 
4 33 19 15 30 7 35 48 28 29 
1 1 6 1 4 2 6 8 1 1 7 1 6 
2 
1 1 1 1 1 1 1 1 1 1 1 1 
43 39 28 26 8 42 25 40 36 44 27 2 38 18 16 23 14 30 18 21 22 3 47 4 45 18 41 29 24 9 5 15 31 46 7 20 6 43 37 32 24 3 20 35 35 
1 8 1 1 1 1 1 1 5 1 1 1 1 1 1 1 1 1 2 3 1 8 8 1 3 1 1 1 1 1 1 8 4 1 1 1 1 5 1 7 8 1 7 1 7 1 1 8 1 
7 2 2 2 1 1 4 2 14 14 2 13 2 2 7 11 8 6 6 5 4 2 2 12 7 2 2 8 7 2 2 2 2 3 2 2 6 2 9 2 2 2 2 2 7 11 9 2 
26 22 51 40 3 23 1 43 16 37 9 45 7 33 24 17 14 13 29 5 6 38 15 8 28 4 3 45 36 
1 1 1 1 3 3 1 1 1 1 1 1 1 1 1 5 1 1 
4 26 18 2 6 14 11 16 12 7 2 16 8 23 9 
41 42 18 9 19 34 44 7 42 16 29 1 42 5 35 26 7 27 17 38 39 30 33 28 19 43 14 24 2 37 10 4 7 20 21 
33 31 24 37 7 21 2 12 
1 1 1 1 9 2 1 1 1 1 1 1 1 1 2 1 8 2 5 6 9 7 1 1 1 3 4 5 4 1 1 8 1 2 5 1 1 1 8 1 6 
1 1 1 3 1 1 1 1 1 1 1 1 1 1 1 1 1 1 1 3 1 1 1 1 1 1 1 1 1 1 1 1 1 1 
43 12 55 26 21 5 29 30 28 44 8 47 9 25 11 50 2 1 42 37 15 17 6 41 38 4 48 35 46 51 7 
3 3 9 3 3 3 11 15 3 3 3 14 3 3 3 5 15 9 7 9 3 8 3 8 9 4 8 2 2 2 6 10 3 15 5 13 
7 15 1 2 6 13 7 2 20 12 2 12 19 13 2 2 
30 37 8 28 9 39 45 53 7 41 29 52 20 6 42 27 18 24 14 35 21 48 34 22 47 19 38 16 51 33 40 44 3 32 23 4 5 46 2 1 25 11 10 12 17 26 49 50 43 11 31 15 13 54 
9 
2 10 5 8 9 1 1 1 1 8 6 2 5 1 3 1 2 2 10 2 4 5 6 1 8 10 4 6 8 8 4 1 6 2 1 2 4 4 1 1 1 5 7 1 1 2 2 7 
33 28 31 3 2 25 12 1 3 3 13 18 14 5 19 9 29 7 9 6 1 8 21 30 
9 1 4 1 1 5 6 1 
13 24 16 35 11 37 4 19 27 5 28 26 32 30 12 29 11 23 15 25 33 30 25 21 9 36 7 13 15 23 3 20 2 1 14 31 10 39 15 8 14 38 12 14 23 18 17 18 1 10 6 
5 9 18 23 4 19 1 3 8 5 14 1 1 18 1 3 7 21 16 20 15 4 11 1 1 23 6 3 1 13 22 1 9 12 4 6 12 1 1 2 1 17 11 13 4 22 2 11 13 15 1 24 
25 10 16 24 44 1 29 5 27 20 42 35 10 32 3 50 15 36 18 8 2 39 11 37 12 40 4 38 52 53 9 30 34 43 48 31 46 47 49 23 41 33 7 28 19 51 13 26 22 14 21 45 6 26 17 
18 1 40 39 33 47 21 13 41 29 35 24 2 9 19 46 36 23 17 14 6 20 27 11 
20 19 14 5 2 14 14 2 26 11 12 17 16 19 28 5 3 21 5 5 25 16 20 10 7 9 25 13 18 1 27 25 9 5 9 1 17 16 4 23 16 5 2 15 19 6 25 17 11 16 19 24 8 22 29 
1 1 9 4 1 1 
1 12 1 11 1 8 1 1 1 1 1 4 1 11 1 1 9 1 1 1 6 4 3 1 1 1 3 
12 4 12 9 11 18 28 13 9 20 3 15 7 26 3 22 13 3 
5 3 20 48 32 23 35 17 44 
4 1 29 18 3 6 4 18 4 9 17 32 11 21 1 17 8 22 19 8 5 14 2 4 4 27 11 3 27 20 7 5 28 19 4 6 12 1 12 7 19 16 15 10 1 
11 7 2 2 8 22 22 28 27 18 14 7 35 26 10 10 20 31 4 8 15 26 5 29 16 40 41 12 23 42 24 1 39 7 24 3 2 2 7 36 33 37 9 21 34 32 38 6 25 10 24 30 17 19 13 
13 1 19 5 14 16 10 6 10 6 14 4 1 4 9 7 1 13 1 10 
3 24 29 20 10 12 28 16 5 11 2 32 25 7 8 4 9 4 29 17 29 14 10 30 5 13 23 
3 18 44 20 6 8 14 35 30 39 9 41 21 15 36 5 26 25 37 
15 8 
1 2 6 
