730
731
731
731
731
730
730
731
731
731
730
730
729
729
729
729
729
729
730
730
731
732
732
732
733
733
732
732
732
732
732
732
732
732
732
732
731
731
732
732
731
732
733
732
732
731
731
731
731
731
732
732
731
731
732
732
732
732
732
732
732
732
732
732
731
731
731
730
731
731
731
731
730
729
729
729
729
729
729
729
729
728
728
728
728
728
729
730
729
728
728
729
729
729
729
729
729
728
727
727
727
728
728
729
730
731
731
731
731
731
731
730
730
730
729
730
731
731
731
730
729
729
729
730
729
729
729
730
730
730
731
730
730
731
732
732
732
731
732
732
732
732
732
732
731
731
732
732
733
733
734
735
735
735
734
735
735
735
735
735
734
734
735
735
735
735
735
734
735
734
735
736
736
736
736
736
736
736
735
735
735
736
736
736
736
736
736
735
735
735
736
736
736
736
736
736
736
737
737
738
737
738
738
738
738
739
739
740
740
740
740
739
739
739
739
739
739
739
739
739
740
740
740
740
740
740
740
740
740
740
740
740
740
740
740
740
740
740
741
741
741
741
741
742
742
741
741
740
740
740
740
740
740
740
740
739
739
739
739
740
740
739
739
740
741
741
741
741
741
742
742
743
743
743
744
744
745
746
746
746
747
747
747
747
748
748
748
748
748
748
749
750
750
750
750
749
749
749
749
748
748
748
748
748
748
748
748
747
747
747
747
746
746
746
747
748
748
748
748
748
749
749
748
748
748
749
749
749
749
749
749
749
749
749
749
749
748
748
748
748
748
748
748
748
748
748
748
749
749
750
751
750
750
750
750
750
750
749
749
750
749
748
749
750
750
750
750
749
749
749
749
749
749
748
749
749
748
747
747
747
746
746
746
745
745
745
745
745
745
745
745
746
746
746
746
746
745
745
745
745
745
745
745
746
747
747
747
747
746
746
746
746
746
746
746
746
746
746
745
745
746
747
747
746
746
746
746
746
746
746
745
745
744
744
744
744
743
742
743
743
744
744
744
743
743
743
742
742
742
742
742
743
743
744
744
744
744
744
744
744
744
745
746
746
747
747
747
746
746
746
745
745
744
744
744
745
745
745
745
745
745
745
745
745
746
746
745
745
745
744
744
744
744
744
744
744
745
746
745
746
746
746
746
747
747
747
747
747
747
747
747
748
747
747
748
748
748
748
748
748
749
749
749
749
749
749
749
750
750
750
750
750
750
750
750
751
751
751
751
751
751
752
752
752
752
752
752
752
752
752
752
752
752
753
754
754
754
754
754
754
754
754
753
753
753
753
753
754
755
754
753
753
753
753
753
753
753
754
754
754
754
754
754
754
754
755
755
754
754
754
754
754
754
755
754
755
755
755
755
755
756
756
756
756
756
756
756
756
756
756
756
756
755
755
755
755
754
753
753
752
751
751
751
752
752
752
753
753
753
753
753
753
754
754
755
754
754
754
754
753
753
753
753
753
753
753
754
753
752
752
752
752
752
752
752
752
751
751
751
751
750
751
751
751
751
751
751
751
752
752
752
752
751
752
751
751
751
751
751
751
751
752
752
751
752
752
751
751
751
751
751
750
749
750
750
750
750
750
751
750
750
750
750
751
751
751
751
751
750
750
750
750
750
750
749
749
749
749
749
749
749
748
748
748
748
748
748
748
748
748
748
748
748
748
748
748
748
748
748
748
748
748
748
748
749
749
749
749
750
750
751
751
750
750
750
750
750
750
751
751
751
750
750
750
749
749
750
750
750
750
750
750
750
750
749
749
749
750
750
750
750
750
750
749
749
749
748
748
748
748
748
749
749
748
748
748
748
747
747
747
748
748
748
748
747
747
747
747
746
745
746
746
745
745
745
745
745
745
745
745
745
745
746
746
746
747
746
746
747
747
748
748
748
747
747
747
747
748
748
748
747
748
748
748
748
748
748
748
748
748
748
748
748
747
747
747
747
747
747
747
747
747
747
747
747
747
747
746
746
746
746
746
746
746
747
747
746
746
746
746
746
747
747
747
747
747
747
748
748
748
747
746
745
744
744
744
744
743
743
743
743
742
742
742
742
742
741
741
741
741
741
741
741
742
742
742
742
741
740
741
740
740
740
739
739
739
738
737
737
738
737
738
738
738
738
737
737
737
736
735
734
733
733
733
734
733
733
733
733
733
732
732
731
731
731
731
732
732
731
731
730
730
730
730
731
732
731
731
731
731
731
731
731
732
732
732
732
732
731
731
731
731
731
731
731
731
732
732
732
732
732
733
733
733
733
733
733
733
733
733
733
733
733
734
734
734
734
734
734
734
733
733
734
734
733
732
732
732
731
731
731
732
732
732
731
731
732
732
732
732
733
733
733
733
733
733
732
732
731
731
731
731
730
729
729
729
729
728
728
729
728
728
728
728
728
728
729
729
730
730
730
730
730
730
729
729
729
729
729
729
729
729
729
729
729
729
728
728
728
728
728
728
728
728
728
728
728
728
728
728
728
728
728
728
728
727
727
727
728
728
729
729
729
729
729
729
728
728
728
727
728
728
728
728
728
729
729
729
729
729
729
729
728
727
727
727
726
727
727
726
726
727
726
725
725
725
725
725
725
725
725
725
725
724
724
724
724
723
722
723
723
723
723
723
723
723
723
723
723
723
722
722
722
723
723
723
723
723
723
723
723
723
722
723
722
722
722
721
722
721
721
721
720
720
720
720
719
719
720
720
721
722
722
722
722
722
722
722
722
722
723
723
723
723
723
723
723
723
723
722
722
723
723
723
723
724
725
724
724
724
724
724
724
724
724
724
724
724
724
723
723
723
722
723
723
723
723
723
723
723
723
723
723
723
723
723
723
723
722
722
722
722
722
722
722
722
723
723
724
724
725
725
725
725
725
725
725
725
725
725
725
725
724
724
724
724
723
723
723
723
723
724
724
724
724
724
724
724
724
724
724
724
724
724
724
724
725
726
726
726
726
726
727
726
725
724
725
724
725
725
725
725
725
725
725
724
723
724
723
723
723
722
722
722
721
721
721
721
721
721
720
719
719
719
719
719
719
719
719
719
718
718
719
720
721
721
721
721
721
721
721
721
721
721
722
722
722
722
721
721
720
720
720
720
719
719
719
719
718
718
717
718
717
717
717
717
716
717
717
716
715
715
715
715
715
714
714
714
714
714
714
714
714
714
715
715
715
715
715
716
716
716
716
716
716
716
716
716
716
716
716
716
716
716
716
716
716
716
715
715
716
717
717
717
717
718
717
718
718
718
718
718
718
719
719
719
719
719
719
720
721
721
720
720
720
720
720
720
719
719
719
718
718
718
718
718
718
718
717
717
717
717
717
716
716
716
716
717
717
717
718
718
718
718
718
717
717
717
716
717
717
717
716
716
716
716
716
716
716
716
716
716
716
717
718
718
718
718
717
716
716
717
717
716
716
716
716
716
716
715
714
714
714
714
714
713
713
714
714
714
713
714
714
714
714
715
714
714
714
714
714
714
713
712
712
712
712
712
712
713
713
713
713
713
713
713
713
713
714
714
714
715
715
715
715
715
715
715
715
716
716
716
717
718
719
720
720
720
721
721
721
721
721
721
721
722
722
722
721
721
721
722
723
723
723
722
722
722
722
723
723
723
723
723
724
724
723
722
722
722
722
722
721
721
721
721
721
721
721
722
722
722
723
723
723
723
723
723
723
723
722
721
720
719
718
718
718
718
717
717
716
716
716
716
716
717
718
718
718
718
717
717
716
716
716
716
716
715
715
715
715
715
714
713
713
713
713
713
712
713
714
715
715
715
715
714
714
714
714
713
712
712
712
713
713
713
713
714
715
715
715
715
714
714
714
714
713
714
714
714
714
714
714
714
714
714
714
715
714
714
714
714
713
713
713
713
713
713
713
712
712
712
712
712
712
712
712
712
712
712
712
711
711
712
713
713
713
713
713
713
713
712
712
712
711
712
711
711
711
710
710
710
711
711
711
711
711
711
710
710
710
710
710
710
711
711
711
710
710
710
710
709
709
710
710
710
710
710
710
710
710
709
709
710
711
711
710
709
709
708
708
708
708
709
709
709
709
710
710
709
708
708
708
708
708
708
709
708
708
708
708
708
708
708
708
707
706
706
707
706
706
706
706
705
704
704
704
704
704
704
704
704
704
704
704
704
703
702
702
702
703
702
702
702
702
702
702
703
702
702
702
702
702
702
702
702
702
702
703
702
702
702
702
702
702
702
702
702
702
701
701
700
700
700
700
700
699
699
698
698
697
697
697
697
697
697
697
697
697
697
697
697
698
698
698
699
700
700
699
700
700
699
700
700
699
699
699
700
700
701
701
701
701
701
701
701
700
699
699
699
700
701
701
701
701
700
699
699
698
698
698
698
698
697
697
697
697
696
697
696
696
696
697
697
696
696
696
696
695
695
695
695
695
695
695
695
695
694
694
693
693
693
693
693
693
693
693
693
693
693
692
692
691
691
691
690
690
690
690
689
689
689
690
690
690
689
689
690
691
691
691
691
692
692
692
692
691
691
691
692
692
692
693
694
693
693
693
694
694
694
