3672 3848 3432
1821 1051
914 3504
1550 2397
2657 1416
3264 1994
2395 261
94 647
3060 2069
725 3133
2548 1376
1328 501
1963 3659
1082 118
2874 823
1775 1001
1945 1837
2651 141
939 387
2324 3630
1685 1884
668 2985
961 3588
992 3307
764 27
2156 1727
1944 756
1459 670
943 3339
1184 2125
380 112
78 2674
1170 1803
2217 820
2846 2461
3248 2006
2970 2097
543 632
1440 3062
401 330
747 292
1952 2006
380 965
584 3095
439 1422
393 1431
3075 2837
3126 371
666 534
2952 1524
574 2229
2401 1353
2607 508
411 2501
656 1715
20 2514
2590 806
407 501
330 3628
1558 2916
1761 3550
672 521
412 237
553 2300
1372 2336
1820 2960
869 765
2459 636
37 1040
1439 1734
2729 3017
1176 1917
1080 2746
740 1291
123 462
3094 1940
1141 2062
936 2358
1174 1517
2039 2751
420 1871
2306 220
2550 901
1864 332
1767 2446
2532 3226
498 3475
2845 525
2069 1651
679 1506
2041 1677
228 1564
1815 940
1420 3187
2232 2308
3093 315
2995 1289
1303 1706
703 102
2212 2441
2837 2486
3136 20
1071 3115
901 3233
1258 2154
2870 2761
664 989
3156 565
3110 622
1495 1226
2828 1423
3183 2197
2514 3460
913 2474
1411 161
1874 2761
461 1026
623 2386
110 3280
3205 2949
2673 2286
2173 3265
495 2643
2990 822
2697 1825
1273 3152
1593 1456
2477 46
2473 754
2343 1458
2202 3070
679 1491
1134 48
3403 635
607 2750
683 3388
1752 479
1925 3367
3122 890
3233 1639
2491 2070
1339 1792
2871 2338
3282 605
2514 1650
868 1270
2794 574
1821 768
2131 172
2578 1736
1800 3389
1102 1714
2391 1854
2990 103
106 3471
2801 86
2408 1697
2835 3107
1354 690
3088 1417
333 2753
2820 2291
665 1276
2233 982
959 2473
1505 747
670 617
3370 2905
2714 807
1149 3122
2160 3493
1675 1978
1627 3160
2091 1009
1500 2260
1540 1847
1214 2418
3240 862
3020 128
133 65
807 1307
1359 2979
810 814
1496 1491
2746 1927
1569 2866
2038 810
3304 146
2881 2166
2487 812
3050 1994
3340 2589
1019 1297
3063 2726
1771 351
2173 3391
2702 2777
1677 17
2344 2126
2206 1488
3162 263
1811 1912
2649 3319
1691 1606
1988 1036
1960 841
1608 2853
2169 1995
2206 2122
729 379
1997 660
2360 1230
2326 1528
2522 199
34 2457
1416 698
1165 3326
3218 399
1116 2892
2407 2569
2562 390
2312 1916
3172 1769
1440 2253
1210 1933
798 245
2450 957
172 710
735 1332
3354 2452
837 1638
1011 3535
1387 1892
143 1381
1099 3166
2672 3231
708 3503
2786 501
347 2732
2980 1825
3323 1903
1192 406
2282 3283
2766 2842
1814 1141
1118 843
2126 1098
473 2153
1666 236
406 2143
1274 3013
3340 2700
777 1413
364 2893
3208 1686
1918 797
3360 350
1090 581
2293 677
1697 3089
2863 2694
2549 1929
1275 3238
1056 2672
374 3564
1397 3382
706 3618
2562 3157
2463 842
1268 2494
447 2100
1677 1830
3271 3643
1756 470
1692 374
2489 2275
1095 1282
2908 1788
670 2837
1573 2061
101 2684
332 329
867 3129
496 2944
1623 1598
591 2079
2896 2429
492 3466
3262 2711
2897 3171
2482 1756
2521 1976
3059 744
148 2626
2158 2632
1572 1673
2322 2212
1138 1709
2903 1149
470 630
2488 2865
39 2173
1946 507
578 87
711 2646
1112 309
1817 2675
1575 2106
972 3034
1300 3348
844 2645
45 1923
3217 3390
1996 2038
447 1847
2214 2233
1225 3446
1611 1130
2015 632
1106 2388
2932 1912
1693 2460
1079 1587
2615 1199
1765 988
2912 1109
1709 3138
830 1389
3297 2049
2409 3587
2804 1422
1494 2427
3428 585
1830 1709
2798 3329
1752 614
1150 2703
2555 2238
407 339
2943 2779
336 3557
718 3026
2040 3400
1211 1963
2698 2295
352 2880
2542 2299
1304 718
1388 1738
2262 1133
3355 3207
882 1732
260 173
3406 2773
3271 1320
1878 41
1611 2904
938 2268
1995 105
1069 1280
2474 1517
3212 626
2727 543
245 2446
1559 651
546 3001
2669 1709
915 3180
2517 1985
1649 3188
1858 1267
3279 2740
1895 2893
3277 2206
3408 388
1542 1935
1134 2492
1558 2971
3258 3418
40 1583
459 297
2416 1072
826 934
1620 3535
2763 1201
1058 1081
1145 2701
1 2954
3012 2664
1314 2577
1243 3242
3217 2086
2033 3661
2799 2691
162 3454
835 2231
3193 1003
2826 3403
953 3356
1170 3184
2973 3556
844 2983
1411 1716
2905 3251
2162 84
1643 3254
1381 3581
3223 1760
1822 2669
3340 194
218 2079
3009 3543
886 140
897 3202
310 747
698 1558
3249 2484
1065 899
343 1247
3302 1619
1239 3504
1136 2389
345 3657
1418 2289
3003 3146
2880 3285
641 2359
1755 3223
3342 1080
1853 2598
614 2524
3269 2136
1235 2729
1091 2772
2147 1144
2982 1637
2 30
956 1967
1479 1515
3149 1254
706 3221
2795 1591
782 1721
734 649
3088 3061
2990 2893
2150 3579
279 769
2758 45
218 575
3065 3653
2279 1882
1600 3117
363 543
668 1794
2819 3281
1790 1162
3322 3357
1115 2300
2004 2156
936 1777
1139 458
3173 1352
163 2144
1776 2063
352 610
103 422
1004 3329
1052 2062
2175 3643
958 1342
2485 2719
715 1663
555 95
2585 2745
1604 236
2404 2714
3411 3592
3334 2948
772 1632
550 1627
1015 613
2724 158
2669 980
1415 744
2273 2226
2247 3599
1409 524
1070 2145
2081 2192
2679 386
1709 1507
1220 307
2108 1795
3344 2969
806 1726
2023 359
761 268
2007 1393
105 1392
3226 1613
288 738
1044 3271
2398 1198
2373 1022
691 1446
3102 1628
1364 3386
318 3115
2033 3003
3211 3504
939 655
3148 2292
3278 3458
3374 29
106 1343
796 1097
3325 3423
3111 2284
1016 1103
2393 1185
1049 824
283 1103
1747 987
178 2052
3337 331
2099 2016
23 1744
3027 716
1922 2825
2380 1772
3085 1103
2760 1114
613 2384
1896 3187
2732 3529
3266 2777
2816 943
2275 1441
2076 2916
712 2722
3126 92
2987 49
1787 3215
1852 2045
3055 3197
1674 3617
107 2533
2347 3193
1889 3650
2883 1268
3364 856
1731 3544
2030 2161
1970 1544
2451 284
2138 758
727 88
1547 139
2511 3493
2209 2584
696 98
2869 282
2940 3500
1626 2024
1420 2664
424 2464
2692 2362
1013 3456
3233 869
994 1658
150 1826
884 1060
1630 646
599 768
3214 723
1924 932
424 3143
2597 1038
154 1814
150 2075
3032 760
3138 3469
2525 1941
3369 3500
154 1147
38 1713
1224 992
1623 3194
20 45
1119 363
3048 2733
194 1573
3259 3476
1370 1449
815 1228
141 1444
218 1673
2822 541
1585 2101
51 1453
2214 2888
720 435
821 3061
847 3329
1945 1108
1509 2813
3071 2119
173 1769
1962 2552
1493 618
2557 1666
78 1782
132 2982
506 3672
1586 996
990 3148
2539 3459
585 387
1210 3016
1369 1293
1189 619
3402 957
2595 2676
1076 2100
3203 416
2539 3442
2154 2836
163 621
1348 433
3084 2924
1912 2067
1554 2153
1772 1779
3142 2957
90 1289
1546 1430
615 2973
3330 447
1010 2935
539 1474
187 723
70 1073
3067 1501
417 2939
356 921
938 2677
3297 16
2155 2915
2014 760
774 1511
2178 449
1998 514
2086 329
1877 2457
413 1009
2568 2286
55 957
2687 95
924 1060
687 3432
1259 2507
2725 2446
3020 772
1855 3456
390 2836
2630 2567
1171 560
1097 3540
2681 1323
2444 2070
2353 1448
450 2653
2526 2638
1515 2145
845 432
3431 3285
396 409
330 1529
470 3190
3100 1534
1796 168
286 251
376 2869
2259 923
2163 482
1141 3547
3217 2169
1012 83
2253 299
1844 2576
2688 1878
809 2515
2378 62
2508 3195
411 500
428 2689
285 2273
2768 1609
3368 997
2586 552
663 3139
2913 3018
1357 3503
991 3576
1703 718
1939 3516
2180 3426
1637 1081
2828 1107
86 369
3069 992
3315 2360
2448 2886
2177 2511
123 1510
2234 3340
2030 3357
3293 1582
2908 366
1346 62
2672 1933
1072 171
1680 174
1655 3133
704 3094
2028 2222
2177 3624
3126 2481
1093 1068
2608 125
418 1960
1566 3644
2770 141
3227 947
1381 1764
2106 1078
476 2216
3142 2697
3319 919
3162 2249
1936 1135
1686 3583
1405 2532
2094 365
407 1761
653 1131
1101 3304
2012 2983
2111 2681
57 1281
2282 2025
512 467
437 3475
1035 1867
617 164
2711 2792
2887 1339
708 642
752 1314
2831 558
1293 2374
1116 1423
565 2487
1317 2690
315 890
178 2626
1948 2423
1335 246
1223 914
150 2110
904 1631
1456 2832
267 1957
1570 1353
492 369
2766 17
525 1660
2833 144
1192 2838
3193 2761
3340 354
25 931
3330 972
2872 229
2241 672
1726 224
2439 1970
449 2402
3288 447
1416 1444
2155 1390
3200 3436
1958 2343
1855 2328
2346 2398
2522 799
2023 3484
128 1367
3012 685
985 3577
1494 1284
3256 2422
2327 1274
197 2019
2026 2073
311 363
1472 21
794 1643
3077 3055
3199 2117
550 622
1240 398
1981 1018
2057 3165
2801 3573
1479 2342
1045 315
2210 2788
994 1573
318 1773
1446 641
1333 1840
61 1083
2658 525
796 843
359 177
153 1808
2720 3272
2425 2771
2779 3178
2910 284
3401 95
3168 2001
299 362
1759 264
1148 713
2277 2891
3413 1750
2369 2032
777 1993
954 1229
2653 2629
657 2629
3230 1513
3330 2391
2300 1143
357 2290
1322 654
1140 1907
2929 2073
2826 1316
1238 2212
181 1195
612 266
2273 213
258 3155
3424 2784
2138 1273
1644 2146
433 817
2778 1858
941 244
1277 3462
1993 1328
3380 3409
869 2729
2512 3421
821 2781
2441 2808
852 3048
904 2191
3124 946
1586 1410
1824 2686
1526 2486
333 2333
1881 2084
2626 498
1533 3224
1745 691
1392 275
2016 744
17 983
2879 1691
1470 1316
1070 834
2058 3551
68 1559
350 3230
1957 3633
1592 213
1086 744
394 2759
1508 2996
90 2299
2018 3154
2169 1348
371 3473
547 2943
2430 3015
1883 1654
1514 274
1453 1179
2348 3074
650 1704
1565 2324
3000 51
1082 45
1961 3197
386 2362
236 1390
2465 1513
2148 2721
1310 308
546 2422
1862 2039
3211 1746
2589 967
2845 3671
771 3020
71 2796
476 912
2031 1572
1576 1713
4 703
679 594
851 512
2220 952
2440 2285
2088 1805
51 1776
3310 2643
2294 915
657 1876
650 602
2217 3400
2768 655
1861 1675
2317 3510
1759 817
1787 99
2039 3519
666 1618
2599 224
2093 3558
2173 1872
3328 3459
894 305
1355 1836
402 1674
1114 1421
1585 3195
3374 38
1941 306
2295 2909
334 2385
1091 2945
1386 2576
2742 1824
1164 2315
2482 2245
2917 1662
910 1781
2208 1550
1671 3037
1782 1001
2639 90
283 128
3012 2363
2714 246
1845 2715
427 555
1965 425
3153 626
834 835
902 307
2745 231
109 1135
1619 372
2408 2806
935 78
1322 867
1131 3001
1309 2680
3146 1417
1420 2034
294 757
683 682
698 2220
1403 2792
1028 1299
3367 2057
586 628
598 966
1916 1298
1057 2417
2427 2969
2203 2173
343 453
815 1549
2342 3418
2398 234
138 2016
1585 1314
3295 1893
3395 1897
2881 3272
2636 1098
1282 3394
1447 1443
82 3034
643 633
2738 3222
1880 703
2232 1744
2667 629
2428 3127
2389 701
1707 725
1507 1466
824 1643
624 3524
664 300
698 2664
817 1528
1339 745
1336 150
668 2466
3013 801
3009 2054
1353 895
2753 3101
1350 186
389 2902
1790 255
1729 637
2600 1557
1152 1761
2111 156
608 651
813 792
4 3283
3256 1904
405 3099
333 472
339 1228
1965 1979
2405 356
2417 978
1294 3572
43 334
771 3636
3099 3170
878 3017
2762 3336
761 2576
1560 831
1338 3565
312 1507
190 3279
639 616
2622 1817
2741 2680
3080 2428
3390 2632
248 540
2334 3104
2206 896
964 3138
201 442
1362 1664
2652 831
3351 642
1614 1006
497 1887
990 1412
1081 2103
1725 1924
996 1616
3184 725
621 750
119 2443
694 1720
3195 1104
2283 3438
22 1472
519 2246
610 1207
1690 745
3054 506
3246 3269
505 913
181 656
3278 490
2341 2113
731 1991
1087 22
1091 3360
296 1312
2242 1862
453 3166
2671 2068
2547 1433
3246 3280
2776 3138
3209 3095
1180 2463
3399 1584
2939 2704
1279 932
1276 317
1387 2578
3373 1810
842 1297
1900 876
2991 1838
444 1781
2290 330
2906 1758
1538 2665
2484 1634
3095 167
2267 1539
991 645
519 2785
876 2305
285 2210
1032 1664
2314 728
715 3435
1706 763
3202 2753
1354 3522
3054 3645
794 3073
3377 2402
1316 2349
934 2586
1061 1265
2606 153
2427 3103
777 2328
3369 57
2456 2481
3294 1418
20 2974
3378 1681
1934 2372
842 3311
725 110
3110 1420
385 627
2962 1727
1764 3656
1645 2688
710 1012
3413 89
2092 2955
1279 1032
595 3258
2326 2761
2984 2064
1865 1677
2954 3078
2936 546
194 237
1254 1316
1124 2992
720 1929
3320 3343
716 3039
794 1684
2677 1400
2620 3366
1562 2439
2742 969
2802 587
328 3126
1508 557
1625 581
849 57
655 1723
2174 3560
1763 1407
2905 3148
889 1203
2744 942
119 930
3022 3135
2999 1994
3228 1136
781 1853
1063 1277
3283 99
2352 787
3038 568
1306 1827
2743 607
593 3179
751 2777
2674 632
2529 3601
3251 2088
1453 3388
40 3401
2444 1434
1611 1386
2320 3567
1836 3360
1593 2871
1406 292
2505 1130
2290 629
1883 1493
1974 2438
1724 2685
3276 3005
2100 3074
1728 2883
3414 1300
263 1574
1325 1311
842 531
3333 568
1335 707
2429 665
1603 3464
2200 1625
2910 683
1262 3467
699 3144
2671 1832
1234 477
3302 1556
277 1557
508 1311
2544 2096
1313 101
2124 480
1150 3172
442 3120
3154 2822
429 1336
1730 2539
292 228
1029 1308
778 2962
832 2203
1196 2895
2821 291
1902 700
2468 3006
1294 2318
825 2490
713 1557
1731 1003
393 1039
704 718
975 3180
2296 608
2552 2250
1902 2814
408 706
1636 2633
2071 2024
2470 2423
2832 139
1687 3514
1841 369
608 3425
1658 1339
1093 3366
1527 1419
2629 1122
444 2014
2729 2734
249 1082
756 692
285 203
926 2053
945 11
1466 2205
422 2724
2128 2802
873 3644
1147 14
121 1076
3354 390
438 1254
2565 275
3317 2470
120 1566
1553 2248
1247 3010
221 2710
506 3380
951 1152
1748 79
3091 268
2264 2617
1736 3422
1280 2463
816 3438
1032 1649
3387 3174
2742 1642
2700 1667
1368 1370
2219 2848
701 1111
1930 247
1286 47
2702 2972
1010 3092
1385 3055
525 3370
508 1389
1912 3347
1650 701
2485 3283
1182 1420
1720 1864
747 2745
2549 1417
2139 799
2490 1010
1729 1360
1784 1991
329 1835
1309 2562
1242 2007
1019 1336
120 2287
2858 933
1872 2792
3257 1908
3382 773
3417 785
423 1541
2288 1449
2998 2674
329 252
2353 2416
1116 999
489 2199
2709 1546
1152 956
3112 750
1404 1021
2549 3151
3137 912
2305 459
2835 1354
1072 2594
50 3355
1670 765
3114 2768
715 3434
2959 437
2157 1317
1487 1506
1738 2987
1636 2899
3090 2721
930 659
3054 2888
3274 1538
1955 3433
2304 1987
1353 2795
2474 3426
43 1917
3018 1613
959 128
2106 572
3212 2371
1963 2075
841 1529
1960 604
377 266
2425 2315
2289 1012
375 713
1653 62
732 442
1256 1998
1652 2029
1817 3615
2866 1834
466 1466
20 3382
809 1872
2406 301
296 1318
2706 2220
652 916
433 1638
711 794
3296 769
741 2275
2500 1796
795 2409
1563 1372
715 3511
474 1540
378 2243
1585 1776
2308 2890
949 2519
2796 3260
1609 3484
3337 666
2375 2613
1657 171
1178 343
2162 3612
2666 51
146 3389
559 3334
2744 3192
209 2525
1043 1467
830 507
2598 661
688 3401
2174 1075
576 1334
2507 2424
1954 1395
5 592
1207 2939
692 1739
1423 1055
2035 1392
123 3156
636 1296
153 3063
1073 453
3193 1826
1204 3122
3042 1427
644 267
651 2363
2276 610
2738 639
231 1523
1736 3248
1164 2679
1144 2620
1268 180
2315 1803
1970 1000
2303 1583
1786 3174
819 3536
654 2274
3296 736
277 2743
1657 2595
1163 1218
3057 2890
2165 2332
937 1607
402 2804
28 2300
508 1831
331 3191
1349 2932
2430 215
2825 679
1416 2701
1846 3260
2625 3317
1278 232
1768 1331
1318 2621
1942 2026
1198 345
1856 3640
3148 965
3017 188
1207 2836
3277 1033
2185 1243
2230 2063
411 1058
1000 2027
1594 663
2552 2141
1602 300
2685 1421
104 2851
1366 2377
3318 2675
2095 3326
2529 3154
1387 2737
2827 1667
1553 622
3100 2216
1184 325
1066 1588
996 36
1132 1346
2637 2632
3043 1544
729 583
3081 581
2956 435
1513 2425
1436 744
2703 3058
3408 3500
1233 1800
2813 519
2652 3612
3414 2015
1593 1315
89 3332
2964 3394
2800 1228
2883 387
3387 1284
2096 1350
2753 1254
2401 129
2861 3145
2078 1899
26 2464
808 1850
3196 501
1554 3659
2845 505
158 1950
3289 3618
909 2346
516 340
2809 391
96 2200
2706 1940
1492 3234
697 3172
187 2576
3369 382
1372 1314
936 1044
2764 2865
1177 3438
2223 1930
3200 780
351 1645
2170 2165
1070 2725
1578 2218
1301 3380
2281 3628
667 3386
1904 127
2724 246
2526 1541
3423 2684
2473 912
3163 2816
504 1757
3214 997
2803 238
1943 1613
1125 2404
419 35
1025 2880
3347 2833
1214 1763
3125 199
2605 3276
56 3610
3051 160
527 187
2845 786
1250 51
1299 2668
1784 1865
2562 1872
1387 239
2379 3552
2372 304
1667 3094
856 3120
2882 2829
1732 3622
1461 776
2227 968
2372 962
3331 2832
1425 819
2741 3503
2411 2038
1654 2479
1688 2744
2552 2683
119 2548
2959 2203
252 123
918 779
88 2800
2994 1083
2315 929
1282 2202
1173 2781
3281 375
193 5
2395 1251
2221 1840
1961 2719
2396 2406
1059 2835
2035 2544
3242 2452
2799 777
1721 2079
3414 2932
319 676
3195 608
1636 3521
2615 3001
2136 909
2411 2207
136 1265
2997 3114
2773 1454
236 403
2738 2779
3077 2140
2070 1665
662 3344
1342 2313
309 468
2738 36
3179 227
646 282
1216 2707
2648 2975
2515 684
3266 1456
1048 1186
1123 162
2143 528
1106 2389
1759 765
2755 1879
1335 671
2080 2561
1848 6
1977 1135
2775 1471
3082 2362
2909 1368
1586 2957
1284 2350
2502 1472
1115 2564
2165 2573
2913 1580
673 1629
344 296
2891 437
2072 1412
2389 1017
3275 286
358 1806
75 2401
601 1628
3417 308
1503 2394
1508 3232
1773 2507
1742 95
2943 3211
2256 1992
2676 680
1107 2268
2922 1587
3247 2416
2705 3250
784 412
3212 452
2206 3525
2646 93
1477 995
631 2609
2971 467
1178 1105
516 3410
1275 1781
1082 1579
2106 3063
1051 197
1500 71
523 2587
2452 3192
821 1169
1450 3212
1130 2351
419 739
1250 819
906 1419
3228 926
288 2526
392 929
3203 2296
3144 2091
380 790
1169 2903
1793 3102
1001 837
770 1581
3026 3380
2866 3628
1568 239
1886 272
101 2408
3015 1295
1737 1447
2537 2555
2204 2838
138 791
1824 3028
151 2393
732 1908
2579 210
2024 3550
254 359
357 1341
2627 2041
3152 3393
3346 2509
67 3246
2228 537
1770 2309
2556 1958
605 2562
2381 2864
655 3441
3128 2098
108 17
3224 3268
119 1918
2396 3541
585 1092
839 177
350 5
1397 2603
1302 2263
2620 142
607 3604
2333 2195
1763 3500
3001 1010
2914 279
1702 3086
174 2232
300 2113
417 1741
914 2926
1707 2704
1883 2310
1049 2255
152 2850
1279 2009
894 566
3126 3032
3295 3272
2576 1030
254 2974
2551 837
987 2074
861 2947
2378 1220
1697 969
2477 170
748 484
1573 1699
2794 1116
3167 3021
2909 2545
3035 2739
2236 2254
2862 3174
3080 2952
2648 3115
3302 2676
2805 3201
1668 154
3231 1598
2576 2135
727 663
3103 2411
3308 1561
1593 1340
2110 1919
815 2027
2429 2183
1839 396
2146 1419
3309 1325
2959 632
2951 2019
1767 461
1437 3536
740 3405
2005 2213
1014 105
1143 962
849 87
2755 1366
1188 1569
1019 817
2336 657
181 3197
3417 194
2346 573
1699 151
1768 2553
501 1285
1765 64
1120 1028
1566 3262
977 1125
1049 1650
3004 488
3002 196
3209 2279
2892 2016
127 664
889 1426
1464 3072
3340 1057
1260 292
200 563
639 211
2575 394
417 23
364 2438
1714 718
2912 3482
2101 2694
1584 947
2927 1719
917 1155
249 3130
60 33
2443 1117
3229 303
1324 1500
1069 319
378 2622
1471 2357
3194 2346
1188 2147
533 3298
1423 2541
1957 3164
2114 1203
3378 1018
2314 2129
2053 2673
1298 2622
3322 157
2453 3461
2541 3368
2371 3523
531 1211
2792 1739
3263 1440
3041 879
2301 2836
2233 1420
2124 1146
3031 3147
1893 2299
3405 1850
1843 1232
2979 1782
1367 3313
2185 2709
1992 565
2742 2293
1953 920
58 3461
2059 679
1605 2366
2778 524
1809 1000
397 124
1080 2455
114 2143
2771 3064
3310 1270
2088 101
711 2446
2237 2682
1767 2070
2529 2096
3010 805
2722 2493
2647 2729
254 906
1111 2100
1606 3601
2689 1595
661 1170
2256 505
3173 3021
2210 725
2600 1508
1488 850
1533 1440
928 1425
447 2750
1985 674
1715 2094
2303 2831
2158 3039
178 2227
1929 3438
3338 1904
975 3203
2178 2316
2682 2402
2985 1367
1179 1201
139 2956
2667 171
1653 1367
1670 434
222 943
1579 591
1838 3400
2216 375
1965 518
2618 976
1223 1068
1313 29
1114 1236
1005 1064
1672 2955
3276 2568
805 1312
86 2228
1024 675
2819 1458
2406 286
1560 451
2408 3141
2442 3415
1475 2233
3416 520
3409 3206
1484 2896
1898 2688
1859 990
2782 1915
1136 519
1156 2858
3060 336
609 2488
2723 639
1805 564
1928 2538
2151 53
317 3556
2558 2855
1736 1687
2509 2847
349 3358
2753 2950
2587 174
2695 1087
2739 2460
1257 3571
2266 30
1543 842
2895 233
1979 1933
1579 2639
2415 3104
445 1098
1713 2040
106 2971
2504 1833
1592 3609
2119 3085
846 1632
516 1171
1517 2903
1450 3569
1634 2191
2425 487
2713 230
489 864
1329 427
2809 3412
2350 3646
2269 1494
1222 3304
278 3306
261 2812
715 2126
2295 2755
1253 691
3284 2265
2588 1199
3044 211
531 3353
3053 42
83 3449
3293 1809
1120 1675
2729 1444
572 2346
2817 937
853 563
1870 3632
959 1568
1959 3660
1124 2924
2157 1673
2938 2112
948 2285
198 1726
1265 3488
2984 1990
751 360
2693 308
124 1382
1471 2990
2088 598
2843 464
988 3130
2775 3138
3335 1438
279 1351
1739 53
2845 2214
2868 3487
1207 2488
1383 2112
638 1759
2168 2838
2015 1014
1726 307
1357 2256
1945 1589
1995 2462
2905 3325
826 1569
1011 3348
2116 2701
1640 1173
2641 682
1542 596
3121 3372
892 2072
2213 1766
2922 1673
1251 400
334 600
2362 979
1277 1775
1036 1683
1584 1827
1305 2163
64 3136
1295 2979
1638 1819
2842 1869
842 446
3327 3201
2712 1077
1534 832
750 912
2683 225
3320 1114
1263 2775
1759 2758
313 2140
2727 1501
1586 3498
1162 2315
2593 3147
751 133
3110 2506
2860 2890
246 1185
2540 16
948 1098
1365 466
2668 2826
77 210
916 1454
637 1121
2250 1389
3424 3429
2518 3638
2425 2738
604 2558
1079 265
1700 667
3147 1922
2361 3451
1483 2393
2072 1343
969 1504
973 2230
366 3390
958 2955
2536 181
954 594
336 2904
401 1255
127 2792
2769 2179
1377 2550
196 1365
1285 386
1414 1014
2155 3421
2227 8
683 874
2332 257
2853 1663
2901 1574
2814 1972
2312 3441
1365 1735
1349 2568
1582 2469
3311 1668
2866 1107
1588 1637
2077 1251
2047 1553
3167 3538
553 51
958 2046
3349 1926
1275 31
1005 633
2290 3636
2831 3195
1899 3091
1457 1580
2579 3204
2028 1120
2406 708
2395 1588
1802 1721
3241 762
177 3628
3049 3500
1054 1616
2238 1000
2481 1002
1108 2736
607 1987
432 1848
2056 3330
1828 3384
1853 3203
2909 1406
2589 239
1226 98
183 1178
3377 1722
673 2430
429 3497
2093 187
2230 733
2088 3157
2625 2554
3207 754
1752 2933
2398 401
167 1623
903 1331
1713 1075
2756 988
1839 1210
198 2254
3081 1430
1267 1592
1795 283
1660 2739
576 2722
104 1961
667 1590
1131 2365
3080 330
952 3672
2536 3310
1658 3468
216 1767
243 1038
2897 1740
1539 376
1436 2961
964 3564
128 1351
3267 77
459 3040
3367 388
1233 1638
409 1781
1628 2733
1826 223
567 1574
1221 1474
1776 2221
611 2478
3177 629
2646 3314
602 1148
2654 1086
283 496
1417 2696
767 213
3396 2711
2310 2965
1263 1585
2354 2869
1731 1513
438 3196
311 3587
3094 3668
644 2935
1489 2849
778 1225
121 2426
1889 1912
2008 990
1921 26
1895 2318
3172 495
2388 1240
2399 1
1595 24
1043 1022
359 2972
1311 3040
2892 2393
2234 2503
1690 3089
1132 2232
543 3234
1829 2033
127 3211
3373 3266
3366 2169
2894 1913
18 35
1936 2911
1701 2983
539 3456
3232 2455
2564 3330
2662 682
344 896
1731 3096
2727 2786
3141 952
1241 411
1702 2297
3269 826
1699 1888
3195 533
1985 1229
1985 1354
1314 1506
2677 1543
577 3010
1472 3176
3230 1485
2434 3505
967 3035
1531 2720
2131 516
2862 1643
1497 1597
2349 1290
886 1938
2870 1342
1773 640
3310 303
1064 905
2435 1898
1746 3240
2702 1339
3278 2657
3190 3648
2510 167
623 2004
1828 1960
2751 2769
1730 1882
1179 507
2781 2548
1095 1566
2026 45
2972 2748
1532 459
792 2170
531 1063
574 3142
2230 623
1578 2932
966 747
814 1147
3382 1126
1263 704
2611 3254
1293 2887
1240 984
2833 2796
2527 2287
1869 3438
415 3623
3335 1876
3093 1360
3227 2418
365 3050
207 876
3112 2916
2496 1352
2340 2097
1145 774
2727 497
2519 3437
2187 2708
416 2453
3110 1930
2906 1247
1145 1031
1594 3095
415 2123
3014 3034
660 874
1629 3045
1723 2787
2051 1589
2115 3153
3317 1501
3149 1639
2283 2308
2785 2431
649 2636
1063 837
2203 3499
2376 2268
296 2289
480 85
837 638
3180 673
2595 3014
1998 2169
74 1887
2281 529
1384 1348
440 94
1905 1031
2771 2783
1273 170
2556 2331
1426 3469
3197 1810
232 3360
1942 1448
1834 562
3194 2809
1046 3252
2782 2511
1176 2241
2482 2633
2360 1010
903 524
160 644
3164 765
1415 1182
2030 142
2389 3640
394 1893
2265 536
1797 1144
363 880
974 2351
1545 2304
727 1386
1958 1468
1396 1115
2792 10
2389 2342
78 3630
2849 3194
2142 701
1627 1149
553 2259
2698 2140
2383 3312
229 3601
1185 2776
2755 3086
2139 3343
2163 1964
2172 2018
1136 176
1514 898
1937 3161
2914 3366
2851 1008
1856 366
2862 1085
2820 3131
3040 1765
860 2392
1444 2207
826 924
1277 361
3020 286
3027 3273
1356 3174
511 2860
557 2030
2021 609
441 2430
1608 271
3336 1728
1998 3170
3359 627
166 3465
1194 2394
2123 674
2839 2602
1620 2139
2137 652
2814 2651
1119 3041
2712 156
17 69
1046 1618
290 197
1787 2726
2037 2804
2326 2806
3381 3205
2179 2294
1420 3355
750 694
1415 2585
888 798
1776 2864
1480 1156
2878 965
1048 2136
3076 3125
2542 718
2860 3176
1950 2978
1848 3281
3247 2331
103 921
1607 2189
2120 2729
2246 654
3179 620
853 1731
2496 1789
1729 2468
1527 3107
2864 3002
3178 2695
3420 2221
248 1296
3096 2730
261 2903
2929 3374
2796 284
155 38
2334 2131
479 158
3231 2350
111 3176
366 2592
917 1065
2076 2049
118 3438
1107 1295
1019 1389
1594 1033
368 703
2978 321
717 510
1301 3542
752 2433
2851 3591
2663 10
1097 477
1216 161
424 1455
602 3195
2529 1422
2701 240
284 1364
514 2565
47 353
1783 767
2666 686
428 3205
423 778
2734 2988
2455 3289
2130 1791
1344 845
1187 1762
1471 198
1176 2464
1846 3291
1387 2769
2174 265
2558 2707
990 2535
1876 1168
565 3274
265 390
2112 1386
900 1237
1596 2249
3249 3360
863 212
2145 2252
2770 3159
2493 3422
971 1162
2455 3223
1967 2482
1951 2330
462 1375
2808 2388
125 1526
279 3494
3078 3555
2192 592
1212 1786
2911 165
759 2466
2931 2836
1570 2781
1483 1490
3312 721
570 1916
2181 201
2871 1829
177 2569
193 820
1792 3182
1126 2004
1245 1672
544 1702
1980 2971
2360 2361
2254 1119
738 2481
3308 1223
78 2434
693 745
2384 2650
174 2605
1889 2728
1358 2206
2116 3615
1358 3558
726 3557
1556 3018
1543 2639
817 2251
3406 298
1372 1113
1422 1185
389 1900
1191 2288
2897 3258
201 1598
3374 2337
3114 2628
1682 400
2003 1111
1377 948
1722 852
2048 520
1237 1862
2772 2057
2384 3073
791 1245
2865 485
847 3537
1141 2745
3406 3028
1699 3446
3297 1370
2792 1260
1332 2942
38 2632
2173 867
740 848
2664 597
1471 2582
958 1460
1477 3061
2986 3316
2459 3602
2325 3471
1811 3062
3001 1578
695 2490
962 1672
203 2486
2867 3434
3132 2515
1173 2740
1906 2967
12 2342
245 2002
3156 551
1275 2216
3132 1076
1330 3029
872 1967
1764 695
246 2669
2320 271
197 2250
119 1379
1450 2080
3306 412
3154 3179
1284 2887
1366 3132
1394 1633
953 706
3145 1825
1495 2686
476 185
3356 2868
955 993
1236 3670
20 3516
1748 3650
355 1973
1965 3092
2845 1366
16 2150
497 3093
3297 1107
1480 1842
3266 365
184 47
3205 3326
510 3343
3081 1979
3249 1448
1262 1099
3329 81
219 2378
1188 3669
334 1300
1862 154
3084 2199
1735 298
719 3251
2418 768
3209 1227
2256 921
2912 943
826 9
1595 257
1709 1445
969 1840
2494 136
2852 1823
2055 2613
631 162
3220 1994
1634 2906
3408 2961
927 2164
405 1667
1098 445
1046 3063
3305 502
544 1175
2331 1517
976 343
2874 1946
2222 3381
87 1580
3016 1821
2494 1335
1402 1956
325 1703
1548 2058
1301 2151
225 1620
2961 2794
104 3261
601 1701
419 213
1735 2863
91 351
351 3164
2487 455
3320 905
2584 2199
1472 2456
1576 2309
1987 1429
3251 1615
2637 760
1338 2011
3266 3541
3112 883
2179 2135
2835 2265
1935 1453
2806 3112
274 3585
3383 2817
2964 3178
1901 202
1578 1831
2588 667
2623 1354
404 1093
128 105
2385 1673
888 2204
2826 795
1891 1375
1632 2823
3110 3489
2055 1419
3244 1902
3260 1994
1324 920
300 3611
361 3501
2258 1456
547 2041
1110 3026
3391 2333
1612 2308
2015 328
2777 685
2882 1555
484 601
3314 2221
2394 946
2606 1169
242 230
288 1360
1376 1993
2594 1020
795 3122
2889 2978
2518 458
1687 3100
539 1565
2020 1303
3152 1006
1965 104
816 374
2753 2262
1164 2074
473 1112
3123 3634
563 3368
2088 1423
17 1537
186 1905
659 3148
2272 1214
418 3640
1368 1462
2458 2289
2344 2913
568 3048
1678 481
186 2447
2958 1144
3378 1738
3031 919
2460 1303
1040 857
883 2021
1941 3136
1217 66
3047 777
3068 2646
2033 3343
1172 1059
3419 1154
2151 3419
1687 766
1525 3637
1543 2289
1832 1049
1113 198
2980 2458
751 2876
1544 558
648 1279
326 3268
597 2721
3050 2134
629 1369
440 3280
2006 3655
3357 640
1827 1619
2495 3668
2623 2864
1501 2060
2364 1449
3319 2339
766 1062
1852 1651
785 1189
2254 263
1028 1105
987 1133
3024 1506
494 546
1840 397
1556 578
1027 202
3343 1184
956 483
3322 145
551 1531
2812 1334
997 2130
1176 1569
2375 2891
2177 812
1271 925
3419 1705
2201 676
701 301
1545 789
76 470
172 2485
569 1002
1016 2125
3009 2685
1542 2280
944 1846
1697 2318
3190 2115
3029 1598
1679 1606
2632 1943
1554 2319
1702 24
2458 2939
2220 2962
486 2359
1507 1933
696 236
662 2635
415 3286
802 3497
1692 769
464 1779
339 447
3055 2773
652 2627
1520 2320
990 2658
3308 404
3232 1949
3307 1417
139 2406
305 1532
2482 1576
2022 907
1437 1342
1762 395
3225 915
3432 919
3307 3600
2782 526
2932 139
538 1877
907 2251
563 839
2113 222
3157 2067
1312 2263
267 285
371 1455
2213 1735
3029 2225
2732 2932
2467 255
2456 3645
1423 128
3042 172
913 1909
3194 358
2701 3485
3237 3358
974 1915
438 2515
1212 2888
2955 3635
324 137
2749 1321
1488 2508
3325 3484
781 781
1556 2597
492 645
1737 3502
1818 1798
306 3262
1577 3277
1654 3510
1591 1877
3075 2561
1692 2158
140 827
919 53
1142 1039
1866 2700
1485 256
2740 2830
614 253
2610 1529
1307 910
762 3344
1292 319
748 1133
1963 2509
1265 838
3342 2550
2235 2265
926 1219
690 2636
1546 2050
3037 1168
1653 124
1884 2336
3392 394
1494 903
393 1219
630 2780
2161 217
472 378
2209 2011
588 2917
2354 673
2459 1734
2617 1413
1221 2645
1239 2507
3274 1401
2700 1526
2410 1158
2916 2863
696 1696
1820 1419
2432 3068
1304 1508
285 1539
1301 3307
2063 2272
1489 543
2533 2040
3121 1705
3263 2325
1826 2837
152 1108
2309 2981
1465 1910
2688 2066
324 2740
3183 2739
2570 3121
1642 3158
2834 1586
2993 2946
2272 1388
3391 1118
2410 2602
3089 622
1420 2807
115 381
1226 2886
1950 1956
1844 1961
1538 1585
1319 1449
3354 1065
1130 3583
1402 1276
757 1707
371 993
2245 950
2677 2706
2954 172
557 1990
2170 2934
507 454
1094 321
2004 2952
756 855
1982 3097
1158 2564
597 2336
1472 562
2222 242
890 664
389 26
1086 1928
702 3242
582 2934
330 2996
3424 3535
802 91
1205 1100
2368 3080
100 3154
2815 2726
2673 717
1563 2101
149 1222
2205 742
266 145
2048 1311
3066 223
3240 8
336 822
1593 571
2057 2875
2498 1267
2921 3281
2203 2478
167 387
2965 2624
1779 2195
266 2497
2976 195
1683 3204
1050 2327
1508 3070
821 2625
2797 1753
3194 1973
876 2187
1068 1658
2212 2344
83 482
3382 1607
3179 1394
1617 2276
2463 909
2686 2990
2954 1956
2329 1499
3270 1638
2592 895
715 3280
212 243
3006 1804
1262 87
2681 368
2896 2550
2675 129
2480 675
1657 1374
500 1192
1631 1714
1758 2192
963 641
3192 3441
2529 2270
313 3192
1215 2848
2304 808
605 227
2680 2758
1987 2966
1254 68
42 3242
1928 3192
2012 2517
24 2233
1187 408
1783 1576
2238 535
2416 416
2668 1686
2497 2602
3204 1512
106 1986
1545 2446
2860 2143
1398 285
1309 333
254 2937
1336 381
298 1852
2315 2658
1772 3389
927 977
3197 1691
2128 441
1973 1030
683 3604
2382 1692
618 3215
2380 548
395 2035
356 932
927 1147
150 1768
126 3427
2828 2981
436 3601
732 2303
2508 2536
1747 2314
8 2903
1326 3018
254 3348
1063 1060
1441 2844
2552 1910
2115 1578
2077 750
3408 533
2229 6
1520 614
1852 2304
401 2453
363 2508
72 2961
135 2632
2819 674
2097 231
911 916
567 714
1683 70
2135 1357
769 3544
1308 2827
277 3569
289 3494
938 748
1775 2700
2156 700
517 460
28 680
1947 3634
482 422
615 609
2408 2670
3075 1800
213 1572
2686 234
662 1537
2256 1657
847 203
3173 1473
2573 2895
2153 2181
2806 536
1452 1602
2197 1875
2399 3506
3405 1129
2866 3503
2155 2643
888 3233
1950 1245
304 2511
1681 1194
398 2784
389 771
884 3205
3281 65
1338 2787
28 3472
1464 3172
854 287
2556 2142
1268 2125
58 3529
2677 1483
1756 2430
2053 391
2327 215
3333 1913
2183 1850
228 1670
3292 903
897 35
3002 1123
1713 2999
2151 574
1872 3411
791 569
941 335
1679 2173
1667 2229
3288 1738
2771 832
1720 3337
637 33
1911 1514
1716 150
97 1824
813 147
2385 2797
2861 2226
1080 34
1798 936
13 1029
2526 2901
1591 844
1431 1236
2124 1544
1453 373
556 141
1747 2660
2236 1341
1760 597
2664 1561
2127 1741
289 572
1725 3262
995 110
716 3071
628 2947
88 732
745 2181
1962 1821
470 1969
3115 3288
943 890
2853 3206
2452 3178
1847 1126
1071 1635
2424 758
1951 2576
211 3358
1456 787
3278 3446
3214 1827
88 3151
595 875
893 2581
2410 1255
226 1009
2293 339
2299 2294
2506 3003
1499 3041
3390 419
2484 2645
419 1410
2395 430
1752 3176
369 195
2939 3564
1788 3173
1908 1949
471 3644
2038 1092
2760 213
317 3081
2210 2085
1533 2417
1443 2909
3084 1083
806 288
1338 1118
2933 337
2371 1061
374 2461
2074 3545
2301 3487
1389 1332
3297 294
1563 983
2345 980
2667 264
1702 3432
3188 1995
1022 955
108 3146
3391 3290
199 2532
3386 2917
1913 1365
1589 3526
1524 1742
1712 2745
982 699
2558 2257
1363 1635
1103 1502
3201 1592
3311 3503
680 2095
54 3020
2321 1305
2929 299
451 935
2166 1577
907 2072
880 1394
1736 561
1175 1256
2824 2618
2893 1835
1699 2465
2697 134
2793 655
2352 444
2737 2932
52 1161
2568 3445
2483 1597
1858 1750
3318 783
1119 2442
3320 1859
1284 1405
684 2550
2235 1447
3343 680
2339 464
625 1189
2896 3010
1748 2076
2265 1525
2814 990
2348 2068
2241 83
88 1424
963 748
1451 1682
2006 3497
1237 3596
2569 3582
2225 1708
579 1295
896 1465
1008 1080
1628 3165
2475 2334
1867 462
1459 990
1319 3653
2538 1372
1223 2320
3074 2735
240 1666
640 3400
1071 106
1076 2694
46 2280
2465 1693
730 2980
229 1622
2522 2560
1204 2375
2830 2850
1787 1765
2917 193
865 329
1589 506
1753 854
2995 1092
1938 2198
1126 3477
3154 3150
996 3203
1436 42
1132 468
1550 717
1037 235
2164 3109
2210 926
3204 110
3204 512
2284 2983
1479 2016
177 3540
605 3478
2779 658
1726 1476
2536 2281
1928 2553
861 609
297 1314
576 308
1465 71
707 986
443 635
2266 191
2554 1184
2331 1256
1839 2837
1846 2343
1927 1488
772 2645
1965 1813
488 1997
705 2305
2541 31
1424 54
1025 2004
2427 2922
2664 2856
2850 2739
2944 860
1897 2506
1465 3534
440 1519
455 2763
354 2583
2085 1235
3168 1731
2921 2283
2094 2051
418 2341
2492 2803
543 2476
1703 3324
252 3563
97 2953
623 2371
1173 2290
406 2591
1976 587
2381 1504
2750 3101
1999 1317
824 2651
3271 1135
2289 3109
629 757
3223 683
1321 3536
1948 787
942 2097
1807 3573
1070 2486
2034 1736
3330 1545
1147 902
1326 828
1297 3398
2976 315
1660 1658
142 3566
2369 2970
2670 1057
1348 2824
3327 3571
1911 2752
2799 3440
2851 455
1798 3278
1097 2482
797 411
3276 2113
1541 551
921 1191
284 1612
333 2489
642 904
2146 17
511 2872
3161 2725
3166 2684
1778 2264
331 2584
2548 288
1811 2078
1919 3469
1719 1416
3227 2440
934 3353
2736 2054
2266 1903
514 2280
3026 1267
1158 1000
606 2090
2936 843
2227 2251
3074 3
657 1570
792 61
376 3100
926 2294
1806 387
1148 2760
1404 1042
99 1449
2059 1565
3188 951
83 2581
806 3186
3312 3593
1286 203
2285 3159
1815 2912
1815 3172
1016 1690
1787 3097
124 373
317 3672
3276 838
891 3316
3371 3475
691 725
2885 3067
2650 606
3094 2963
1002 15
2221 2678
357 657
2614 130
801 3138
3411 952
269 800
1882 1191
994 3070
3079 1436
1961 655
827 383
2459 2455
2038 258
1812 1465
1836 3044
67 1778
2600 941
1259 1277
1771 1811
1886 3444
1052 3647
2375 3470
603 566
1716 1318
414 1800
1773 782
2273 3667
3274 2431
2539 17
3384 359
3170 3548
2163 13
2797 1025
154 2042
2909 856
95 2954
1460 2334
1314 3143
3053 495
1418 516
2201 2035
529 375
1357 3523
1936 1208
172 1757
2682 2597
2642 422
1816 2335
1826 3251
1038 749
918 1246
3289 2851
3219 457
3059 3623
1404 2941
3009 1591
1357 1683
2273 88
2790 773
309 2258
2520 3286
531 2722
2648 3069
297 3256
1296 1586
2136 2212
2232 2747
2314 1289
1252 3000
2107 2109
2049 2666
1137 758
2681 2782
30 1635
1680 1070
410 1099
1689 1333
2797 1528
1504 1620
280 1153
1988 437
3241 2758
2615 2222
1212 2271
3283 1147
1858 1249
1663 1342
1777 1602
273 1745
3125 2932
3118 2253
1746 1394
3268 1874
1036 3032
1261 2187
2822 2664
2069 3480
3252 2566
795 1290
947 2708
1353 1850
1615 348
2837 1793
1505 1466
2182 1850
2409 89
3106 2236
3404 3089
2452 147
3388 2710
92 144
703 2019
2238 1194
6 3448
3002 190
2542 213
1364 387
2875 528
391 1946
1062 1469
51 1527
2403 3283
2755 3156
2788 1752
3318 3358
2913 3278
2281 434
97 2796
3095 814
1124 579
3127 452
C
J
M
O
N
T
T
N
F
L
H
A
A
E
E
F
T
K
D
R
T
F
Y
R
Q
Y
X
M
N
M
P
O
S
E
R
V
A
A
A
C
H
U
D
V
E
H
P
F
W
V
Z
R
E
D
B
B
J
S
P
W
K
R
P
M
V
J
S
G
U
O
P
B
W
Y
X
T
B
D
C
U
U
D
A
Y
Y
A
O
S
B
Y
C
B
H
K
F
R
I
W
L
H
A
A
K
C
L
Y
N
H
I
R
J
L
L
B
P
O
K
F
N
N
U
A
J
J
V
L
G
M
D
A
Y
S
D
P
M
U
K
K
J
R
X
X
S
I
W
P
O
W
N
A
K
G
X
J
I
Y
E
H
X
D
T
K
C
B
I
Z
D
Y
E
J
K
F
Q
E
L
I
D
Y
R
S
Q
X
A
O
G
J
O
H
I
G
K
H
F
P
F
M
A
J
G
L
M
T
G
X
L
L
W
B
A
J
Y
R
W
Z
U
V
Z
T
L
F
N
P
B
B
L
T
V
P
T
W
Y
F
P
I
S
U
Q
T
Y
X
M
W
K
Y
P
V
G
K
C
B
N
S
Z
O
A
L
G
F
U
L
J
M
C
R
Y
T
N
Q
E
B
F
M
B
Z
A
K
H
W
V
A
C
W
V
M
L
C
F
F
O
L
L
M
C
V
S
H
L
B
B
Q
S
I
F
J
D
X
Z
I
M
K
X
G
O
D
Q
R
V
C
E
Q
Z
Z
R
Z
Y
R
T
X
Y
Q
N
U
N
Y
P
P
A
M
T
G
I
R
J
B
X
E
V
P
I
B
R
V
M
W
H
G
J
Y
D
F
B
I
U
Q
L
M
F
B
W
H
A
R
T
L
X
J
K
U
R
T
R
O
E
U
R
Q
K
H
E
Y
Z
D
J
O
H
A
W
O
O
U
Y
D
I
W
G
H
D
N
O
J
G
S
B
A
F
A
I
H
S
N
R
R
L
S
Z
C
B
V
S
O
C
H
Q
S
O
F
J
J
Z
U
I
H
Y
W
C
W
C
J
A
D
T
L
O
X
F
H
Q
F
F
E
V
B
Q
X
M
L
S
L
Q
X
Z
T
J
P
N
W
L
L
K
A
U
O
X
S
N
S
O
M
M
Q
W
O
C
J
E
M
F
Q
C
K
G
G
Z
C
Y
F
T
B
J
O
C
N
I
W
A
Z
T
X
S
J
W
Y
F
Y
G
P
D
U
G
Z
M
Q
Q
Y
S
W
E
I
U
L
K
A
U
G
J
F
V
R
Z
D
M
V
O
E
C
N
I
Z
C
U
H
U
B
G
T
L
X
N
Y
U
C
D
O
S
M
V
O
Y
W
J
F
R
B
U
K
M
N
C
L
S
H
P
J
P
R
H
V
P
V
U
D
Y
I
M
W
K
H
J
I
L
N
D
W
K
I
P
E
L
H
L
P
L
H
H
N
X
M
X
H
X
F
M
J
M
S
Y
Q
A
P
I
Z
W
G
V
D
W
K
R
O
Q
C
I
S
M
J
A
R
R
N
J
C
T
R
N
J
H
C
Y
F
T
A
D
M
A
P
T
C
G
J
C
J
O
O
H
T
E
V
D
R
W
Y
L
M
M
C
V
N
U
F
S
D
J
V
Q
L
E
K
U
J
Z
U
S
U
O
D
X
Z
F
D
A
W
K
E
O
C
K
G
M
V
K
Z
S
K
P
I
V
J
A
U
H
Q
R
G
X
A
V
U
B
K
B
Y
G
M
O
M
R
F
F
M
F
V
E
H
M
F
M
K
H
Q
O
Q
G
T
R
B
R
C
G
R
I
A
T
Q
H
Z
F
V
J
C
W
F
N
I
L
X
H
L
B
Y
D
O
N
D
M
G
N
J
H
R
K
B
A
K
C
O
S
Y
K
C
H
C
N
E
E
F
M
N
M
Z
I
R
Q
U
I
U
Y
T
M
A
M
K
U
S
V
A
H
E
B
U
D
Z
W
Y
M
U
Q
F
E
Y
F
I
A
U
X
A
H
U
L
C
U
B
Q
W
L
H
K
J
C
A
U
B
V
D
S
B
C
B
T
I
X
O
M
S
O
R
T
E
B
G
Q
H
C
R
I
E
D
Y
U
X
T
O
U
I
I
C
Y
J
Y
S
G
D
M
M
O
A
Z
Z
D
F
M
C
D
G
Z
G
N
T
I
L
D
E
W
B
U
A
V
V
F
Y
G
N
U
B
E
E
I
E
L
J
T
P
F
J
F
G
Y
I
V
N
B
W
V
E
M
U
Z
H
H
A
Z
O
W
D
Z
S
V
P
P
K
I
M
V
D
B
O
L
J
C
P
Q
Q
S
V
U
G
H
G
W
H
N
Z
I
K
C
S
W
K
K
S
N
K
K
F
M
S
C
Y
X
P
H
N
I
H
S
L
T
E
X
H
A
B
L
Q
X
V
G
L
U
Y
I
I
Z
T
C
C
O
L
S
J
B
B
V
P
Z
Y
M
Z
G
E
L
H
N
Q
Q
T
R
E
C
Q
B
Z
J
Z
B
M
I
B
J
B
V
D
M
C
G
E
A
Y
V
Q
L
B
J
I
W
T
Q
O
C
C
L
S
V
F
U
N
Q
L
E
G
L
R
E
R
H
O
B
U
I
R
M
W
O
S
J
E
L
C
L
W
L
T
J
W
I
R
K
M
M
S
L
O
U
I
G
F
H
M
H
J
F
Q
H
Y
B
J
Q
R
G
F
W
I
L
W
M
P
F
I
A
W
B
A
D
J
M
Z
F
Q
D
W
L
T
D
Y
I
Q
N
Y
Q
J
C
G
G
U
P
K
Y
I
B
F
H
J
G
J
A
J
E
M
N
U
M
I
K
Y
W
S
W
W
U
I
A
W
A
B
H
L
R
C
O
F
K
A
B
T
N
V
H
V
T
R
T
Y
V
W
F
X
W
A
Z
X
V
T
R
B
K
S
M
C
M
T
B
E
P
P
C
E
K
I
S
C
O
X
A
S
F
T
J
F
B
C
O
F
O
E
A
K
D
E
P
X
Z
U
Y
D
P
E
D
N
U
C
T
X
C
D
K
P
E
I
A
J
D
M
X
D
G
B
M
Q
M
E
U
V
A
F
V
R
Q
N
M
W
R
L
B
Y
M
N
Y
B
M
G
Q
Z
C
K
A
U
H
D
O
W
X
O
V
D
R
P
Y
T
Z
V
W
L
Q
T
E
R
G
K
Q
S
O
Q
C
Q
S
C
S
J
K
S
O
O
G
Y
K
M
F
I
B
G
P
Z
B
W
X
X
W
F
E
H
L
P
V
F
G
S
Z
V
R
O
B
Z
A
V
A
O
Q
E
I
X
N
D
R
Z
B
R
O
S
R
K
J
F
I
J
Y
O
R
L
J
G
J
Z
O
R
X
J
N
V
B
T
I
G
A
N
E
M
Y
A
W
N
A
H
U
V
E
Z
U
L
K
O
G
I
S
G
T
Q
X
M
R
J
A
T
U
N
K
G
Q
S
P
D
J
Q
R
Y
C
I
E
Y
F
Z
U
C
D
Q
H
G
T
V
T
V
Z
L
W
S
N
B
M
U
H
Q
A
W
J
Z
P
J
T
M
R
U
D
V
G
R
D
E
P
Q
U
Y
R
W
D
Q
I
F
D
F
C
N
V
C
T
Q
U
Y
C
G
M
K
Q
S
U
D
B
G
C
Z
J
V
U
Y
Z
F
G
Y
K
E
G
D
B
P
J
N
D
P
X
M
L
H
H
U
B
S
E
J
E
E
V
Z
X
G
J
D
R
T
L
N
Z
Q
S
A
O
E
K
Y
Y
K
J
W
E
P
K
O
U
B
S
N
F
N
N
Y
P
E
K
R
U
T
G
T
I
J
R
E
T
B
A
H
L
M
W
B
G
W
Q
Z
M
B
Z
X
K
P
V
B
B
G
L
W
U
A
N
G
F
J
U
U
K
I
M
L
E
M
A
L
T
T
B
B
V
C
A
Y
Z
R
U
P
Q
L
H
A
J
T
N
H
S
J
H
H
I
Q
Y
E
X
C
J
N
B
K
C
G
X
H
Z
O
R
R
E
G
W
R
P
V
J
O
Z
F
D
H
P
E
Z
Y
G
Y
N
R
S
D
F
M
T
E
U
Y
N
B
C
L
H
D
D
T
A
U
X
K
L
F
H
X
W
C
Q
H
L
X
J
Y
K
J
Z
P
J
T
X
E
K
D
I
I
R
Q
P
D
C
S
Z
L
X
D
B
T
M
J
Q
W
A
B
R
Y
M
Z
M
O
O
T
C
W
Q
K
N
L
Q
J
L
U
A
E
G
K
Z
Y
U
O
P
A
C
N
Q
C
C
O
Q
H
E
K
J
T
L
K
J
Z
S
Y
C
J
W
R
Y
P
L
E
X
O
J
G
L
U
G
F
S
M
K
C
R
G
A
L
S
D
A
G
W
Z
Z
W
Z
C
V
F
W
P
L
V
R
X
S
E
T
Z
W
U
A
C
H
X
S
R
E
Z
R
I
U
X
V
J
M
P
G
J
F
M
D
G
A
S
F
I
T
W
P
Z
A
B
L
O
L
V
I
J
Y
C
Z
M
F
W
C
U
W
W
Y
O
F
H
R
M
E
R
G
S
E
T
S
Z
K
T
H
X
I
K
R
A
S
B
F
D
I
H
Q
U
Y
W
R
K
T
N
F
Y
N
X
N
R
F
V
E
L
V
B
B
Y
V
Y
U
E
E
T
F
O
Z
Q
B
N
Q
D
J
X
W
T
F
A
R
E
Q
Z
A
J
I
B
Q
F
B
K
Y
E
A
X
N
X
U
S
I
G
X
F
R
K
Q
G
A
O
X
M
Y
S
N
V
I
U
D
L
N
A
N
B
F
H
W
O
E
N
U
V
L
L
W
M
N
B
G
M
P
M
O
R
C
X
X
I
B
W
D
N
J
O
Q
H
Z
Y
I
W
T
J
O
Y
P
I
B
R
B
F
K
J
C
O
U
L
A
V
Q
E
V
H
I
L
K
Z
C
N
N
B
V
U
D
M
Q
B
U
Y
T
C
B
J
Y
Q
L
M
N
B
J
Q
L
B
I
T
G
I
B
U
U
L
Q
Z
E
B
H
X
Z
L
K
Z
V
W
U
X
C
I
R
E
Z
L
G
X
Z
R
M
D
T
B
B
F
F
U
I
G
H
Y
W
P
M
Q
W
L
E
E
Q
N
E
J
Z
K
E
V
S
O
M
F
B
L
E
G
V
S
O
Y
S
X
F
G
B
L
D
K
O
B
W
U
P
O
E
V
C
Y
S
P
J
H
V
D
F
W
W
G
Q
Z
A
P
K
G
C
Z
V
N
U
E
T
E
C
Q
O
X
Y
N
X
F
I
X
U
C
M
S
A
T
D
I
H
S
I
C
R
E
L
O
K
I
Q
F
E
M
M
Y
V
S
L
C
W
R
C
D
K
D
L
F
H
D
S
Q
O
A
I
L
B
V
M
T
B
E
B
O
Q
R
H
R
B
V
N
J
L
U
B
U
A
M
P
Y
B
A
X
B
H
V
A
J
T
D
Y
R
Q
Q
U
G
X
K
R
F
L
R
N
K
I
X
N
A
Z
X
E
W
V
S
R
M
Z
D
Z
M
A
N
K
F
G
Z
J
R
B
A
U
F
W
G
K
Y
L
U
J
B
U
R
Y
K
I
H
J
A
T
N
T
X
Z
U
V
N
D
V
S
Q
U
J
R
D
J
C
A
Y
T
U
K
U
M
S
O
F
W
R
Y
P
O
Q
U
Z
W
G
X
Y
Q
N
H
A
I
B
T
Y
N
P
W
A
W
X
V
S
S
U
K
C
T
K
G
T
D
I
L
U
A
R
D
D
Y
N
V
C
F
T
L
H
I
O
D
C
D
S
Q
Y
T
N
O
A
P
M
M
A
Q
P
I
B
K
K
N
C
E
V
E
D
Y
L
U
M
P
D
K
T
E
J
R
X
W
A
B
Z
C
A
C
I
O
Z
I
C
Y
L
W
L
A
S
P
F
Y
U
T
T
J
F
P
K
F
T
X
E
T
E
N
T
G
A
F
K
H
Y
X
O
B
V
J
G
U
H
J
F
Z
J
O
L
H
U
L
V
H
J
G
U
N
D
D
H
X
X
X
W
S
L
V
O
S
P
S
B
O
C
U
H
D
G
W
M
L
F
U
W
W
J
W
J
Z
V
Y
B
B
X
W
W
L
R
T
N
B
H
B
H
D
I
T
H
W
S
Y
C
G
L
T
W
N
U
R
G
C
M
D
S
D
J
Z
Y
B
R
S
T
V
V
D
H
Z
R
T
I
Y
J
L
V
G
B
U
F
B
A
M
G
Z
V
I
Z
I
J
P
O
Q
M
G
D
U
X
F
B
K
D
W
B
D
A
E
H
K
D
W
A
M
R
F
E
Y
L
X
U
G
L
S
H
G
R
J
E
E
V
C
A
Q
I
X
T
O
R
R
L
A
A
X
V
T
M
B
A
X
K
D
H
R
P
Z
L
D
L
X
F
Q
U
D
K
H
T
Y
A
W
W
P
B
W
Q
Q
C
A
O
R
Y
H
C
E
P
Q
G
K
J
A
D
R
U
M
N
L
V
K
E
H
K
E
E
J
Q
I
T
I
B
O
E
S
I
T
Q
E
G
S
W
H
S
Q
S
B
U
K
Q
N
T
C
G
X
W
S
C
J
X
V
A
Y
I
I
Q
W
E
E
P
S
S
H
V
N
Z
F
X
I
P
R
N
N
J
S
F
K
E
V
G
U
R
W
S
A
H
D
A
I
P
C
U
K
C
A
D
E
J
A
W
D
R
D
F
C
M
I
R
M
P
Y
Q
Y
G
X
V
U
B
B
K
H
W
J
E
V
T
V
P
W
Q
E
Q
S
U
H
P
U
Q
C
J
F
H
P
W
P
I
F
H
W
I
Z
Y
B
U
R
A
L
B
A
M
R
X
N
C
G
A
B
G
W
D
C
D
E
N
P
U
S
R
I
X
I
P
Z
S
H
I
L
W
L
F
I
K
E
T
Y
G
Y
R
X
T
U
B
A
F
V
Y
Z
F
C
M
U
W
P
H
S
D
H
N
F
K
C
T
T
Q
M
U
K
U
G
Y
K
X
P
Y
M
Z
Q
Z
H
P
P
C
B
C
W
J
E
Y
H
J
S
J
E
J
M
N
C
K
F
D
F
H
S
E
D
E
Q
X
M
R
Q
L
E
T
P
S
V
C
V
G
X
J
T
S
H
M
S
P
M
U
J
K
B
A
B
M
Q
N
M
B
B
K
M
S
Y
M
M
P
Q
C
X
J
H
Z
K
Y
V
M
R
M
J
P
M
L
F
S
R
N
M
Q
Z
T
S
I
Z
Y
V
Q
W
B
S
S
L
N
X
V
W
K
W
G
E
X
Q
R
B
X
P
C
S
J
O
R
Q
B
G
A
L
Q
K
R
H
O
I
W
S
E
I
L
W
S
U
L
Q
Q
O
F
A
K
R
T
Z
O
J
X
I
D
N
G
Y
Q
V
F
D
I
X
A
L
R
F
L
W
U
Y
P
S
H
T
X
V
Z
K
X
Y
I
I
G
A
Q
W
L
M
Z
S
M
L
B
N
D
V
N
L
D
D
S
Z
A
Q
G
T
L
Z
W
E
S
C
A
B
P
O
T
L
T
F
X
K
W
E
H
G
Q
T
N
M
K
Z
U
V
T
E
H
C
W
N
N
L
A
Y
E
A
G
R
X
T
D
L
B
N
P
E
S
M
B
X
D
E
A
A
X
U
Z
N
F
R
Y
E
X
O
U
R
Z
L
C
F
G
Y
E
H
B
X
K
K
M
I
Q
D
Z
Q
L
N
F
G
E
J
E
R
A
A
C
F
R
I
W
B
V
J
Q
C
L
G
M
K
W
M
S
G
W
P
Y
W
C
A
J
W
G
L
K
J
V
Z
K
I
N
N
K
N
J
A
K
J
K
G
J
N
A
W
M
T
V
V
V
F
H
G
R
W
T
K
T
S
D
N
J
K
Q
S
Q
Q
D
U
K
Q
K
V
Q
D
Y
Z
P
C
L
C
Z
M
B
T
L
P
B
B
C
P
M
U
O
N
Y
D
G
S
D
G
I
Z
U
R
F
O
R
K
V
Y
A
D
Q
H
I
J
N
X
M
F
S
V
P
I
E
Q
D
J
R
P
R
B
C
L
B
V
B
E
Q
Q
K
L
B
F
X
S
M
F
U
O
C
B
V
X
M
A
I
R
E
A
V
Y
W
D
Z
M
I
K
D
A
G
G
B
B
B
L
C
O
R
V
G
K
F
S
E
G
B
X
D
K
X
U
K
R
E
D
I
N
X
P
A
W
W
L
U
Z
K
E
U
C
P
F
W
D
B
Y
S
G
Z
X
F
R
E
V
R
U
B
S
S
G
V
E
D
P
E
H
B
P
C
G
P
B
Q
M
X
P
L
K
D
W
U
Y
T
H
Z
A
F
V
X
O
W
Y
X
M
Y
F
P
W
M
C
Z
V
E
F
T
F
T
L
M
B
W
K
H
C
G
H
N
Y
M
G
A
J
P
E
G
A
Z
J
G
R
I
O
U
Z
D
C
O
V
F
J
M
W
E
C
Y
R
W
Q
C
B
N
S
T
X
A
F
D
X
W
O
I
Q
W
S
Q
R
S
E
J
R
C
G
N
C
B
X
M
M
K
D
U
H
Z
J
Z
S
T
D
X
G
V
H
W
G
T
T
X
Q
E
K
L
T
D
K
Y
X
D
P
A
X
N
Z
Y
S
U
I
G
H
Q
A
U
A
B
I
V
Q
Y
I
J
B
P
W
V
I
O
U
H
U
O
Z
A
M
I
Y
W
Q
O
Z
O
E
R
E
C
T
A
H
Y
I
L
H
P
I
C
Q
K
T
N
L
X
I
Y
Q
Z
K
A
X
S
B
Z
U
D
Q
T
G
W
T
U
H
X
Q
S
S
S
O
Y
K
X
P
Q
W
L
J
M
Y
N
T
B
Y
A
J
Y
A
V
J
E
T
L
D
B
B
L
N
R
Q
